JPMBB13C17,,301410001,1,20170915,112752156.3,112577555.1,20170901,,0.04366,20240101,0.000113,,,,,0.000005,0.043542,,,,,423904.26,174601.21,598505.47,,0,,,,,,0,,0,112577555.1,0,0,0,0,N,,,,,,,,,,,34335056,11571783,22763273,13167120,1.7287,0.95,20161231,32881212,11354670,21526542,13167120,1.6348,0.93,20151231,17195382,6231821,10963561,6583560,1.6652,0.94,20170101,20170630,20131115,366000000,,,,,,,YN,,20131230,20131230,1,,,,CREFC,,21863571,1.6604,20626840,1.5665,10513710,1.5969,X,,,,,0,,,0,0,0,,N,,220000000,S2,,,,,,,,,,,0,,,,0,,,,,WF,S,20170812,20170911,N,,,,,,,0,JPMBB13C17,,,,,
JPMBB13C17,,301410002,2,20170915,91509806.46,91397850.28,20170901,,0.049127,20231101,0.000213,,,,,0.000005,0.048909,,,,,387121.31,111956.18,499077.49,,0,,,,,,0,,0,91397850.28,0,0,0,0,N,,,,,,,,,,,12141824,1963547,10178277,5988930,1.6995,1,20161231,11988589,2178753,9809836,4893600,2.0046,1,20151231,5971500,938394,5033106,2994461,1.6808,1,20170101,20170630,,125500000,,,,,,,YN,,20131230,20131230,7,,,,CREFC,,9211869,1.5381,8843428,1.8071,4549904,1.5194,X,,,,,727.15,674545.79,,0,0,0,,N,,93900000,H,,,,,,,,,,,0,,,,0,,,,,WF,S,20170812,20170911,N,,,,,,,0,JPMBB13C17,,,,,
JPMBB13C17,,301171001,3,20170915,87673385.9,87564272.06,20170901,,0.0483334,20231101,0.000113,,,,,0.000005,0.0482154,,,,,364900.38,109113.84,474014.22,,0,,,,,,0,,0,87564272.06,0,0,0,0,N,,,,,,,,,,,23100956,8232921,14868035,14220427,1.0455,0.95,20161231,23030082,8148531,14881551,11553417,1.288,0.93,20151231,10712145.51,3763513.49,6948632.02,7110212.73,0.9772,0.88,20170101,20170630,20130910,365000000,,,,,,,YN,,20131230,20131230,1,,,,CREFC,,14806035,1.0411,14819551,1.2826,6917632.02,0.9729,X,,,,,0,,20170213,0,0,0,,N,,225000000,H,,,,,,,,,,,0,,,,0,,,,,WF,S,20170812,20170911,N,,,,,,,0,JPMC13C16,,,,,
JPMBB13C17,,301410004,4,20170915,71345767.78,71258202.56,20170901,,0.0487,20231201,0.000113,,,,,0.000005,0.048582,,,,,299196.4,87565.22,386761.62,,0,,,,,,0,,0,71258202.56,0,0,0,0,N,,,,,,,,,,,14732991,5783379,8949612,4641139,1.9283,0.98,20161231,14392983,5780830,8612153,3610648,2.3852,0.96,20151231,8159728.24,2842117.67,5317610.57,2320570.73,2.2915,0.98,20170101,20170630,20131015,123000000,,,,,,,YN,,20131230,20131230,1,,,,CREFC,,7399686,1.5943,7062227,1.9559,4542646.19,1.9575,N,,,,,0,1964963.62,,0,0,0,,N,,73125000,H,,,,,,,,,,,0,,,,0,,,,,WF,S,20170812,20170911,N,,,,,,,0,JPMBB13C17,,,,,
JPMBB13C17,,883100172,5,20170915,45711934.11,45652973.91,20170906,,0.049655,20231206,0.000113,,,,,0.000005,0.049537,,,,,195457.25,58960.2,254417.45,,0,,,,,,0,,0,45652973.91,0,0,0,0,N,,,,,,,,,,,13790441,6933965,6856476,3053009,2.2458,0.82,20161231,13056582,6545807,6510775,3053009,2.1325,0.81,20151231,7203466,3512390,3691076,1526504,2.4179,0.84,20170101,20170630,20131023,73200000,,,,,,,YN,,20131230,20131230,1,,,,CREFC,,6398372,2.0957,6052671,1.9825,3462024,2.2679,N,,,,,0,801561.98,,0,0,0,,N,,47580000,S1,,,,,,,,,,,0,,,,0,,,,,WF,S,20170812,20170911,N,,,,,,,0,JPMBB13C17,,,,,
JPMBB13C17,,883100164,6,20170915,45509155.36,45457659.68,20170906,,0.04955,20231106,0.000113,,,,,0.000005,0.049432,,,,,194178.72,51495.68,245674.4,,0,,,,,,0,,0,45457659.68,0,0,0,0,N,,,,,,,,,,,7736939,2356535,5380404,2373022,2.2673,1,20161231,7488811,2165060,5323751,2310957,2.3036,0.99,20151231,3813052.94,1052838.68,2760214.26,1474046.26,1.8725,1,20170101,20170630,20130924,64600000,,,,,,,YN,,20131230,20131230,1,,,,CREFC,,5047436,2.127,4990783,2.1596,2593730.38,1.7595,N,,,,,0,40741.37,,0,0,0,,N,,46000000,S2,,,,,,,,,,,0,,,,0,,,,,WF,S,20170812,20170911,N,,,,,,,0,JPMBB13C17,,,,,
JPMBB13C17,,301410007,7,20170915,30666934.79,30631958.03,20170901,,0.0492,20231101,0.000413,,,,,0.000005,0.048782,,,,,129925.58,34976.76,164902.34,,0,,,,,,0,,0,30631958.03,0,0,0,0,N,,,,,,,,,,,3710260,845419,2864841,1588422,1.8035,1,20161231,3686014,934238,2751776,1546383,1.7794,0.83,20151231,992980.61,219853.88,773126.73,494707.49,1.5627,1,20170101,20170331,20130918,51000000,,,,,,,YN,,20131230,20131230,1,,,,CREFC,,2727535,1.7171,2614470,1.6907,738799.73,1.4934,X,,,,,117.17,16694.19,,0,0,0,,N,,31000000,S1,,,,,,,,,,,0,,,,0,,,,,WF,S,20170812,20170911,N,,,,,,,0,JPMBB13C17,,,,,
JPMBB13C17,,301410008,8,20170915,29719286.19,29686106.95,20170901,,0.049875,20231201,0.000313,,,,,0.000005,0.049557,,,,,127638.14,33179.24,160817.38,,0,,,,,,0,,0,29686106.95,0,0,0,0,N,,,,,,,,,,,4752140,2320912,2431228,1521188,1.5982,0.89,20161231,5409637,2686564,2723073,1517031,1.795,0.89,20151231,2643182.32,1332967.23,1310215.09,964904.45,1.3578,0.94,20170101,20170630,20131009,39000000,,,,,,,YN,,20131230,20131230,1,,,,CREFC,,2155225,1.4168,2447070,1.613,1172214.09,1.2148,X,,,,,2106.21,1959986.84,,0,0,0,,N,,30000000,S2,,,,,,,,,,,0,,,,0,,,,,WF,S,20170812,20170911,N,,,,,,,0,JPMBB13C17,,,,,
JPMBB13C17,,301410009,9,20170915,28262134.6,28221968.23,20170901,,0.048675,20231101,0.000113,,,,,0.000005,0.048557,,,,,118459.56,40166.37,158625.93,,0,,,,,,0,,0,28221968.23,0,0,0,0,N,,,,,,,,,,,5627921,2838788,2789133,1903511,1.4652,0.8,20161231,4215205,2182822,2032383,1903511,1.0677,0.77,20151231,2681582,1367034,1314548,951755,1.3811,0.67,20170101,20170630,20130918,43000000,,,,,,,YN,,20131230,20131230,1,,,,CREFC,20150410,2499159,1.3129,1742409,0.9153,1169560,1.2288,X,,,,,574.48,1165161.09,,0,0,0,,N,,30000000,S1,,,,,,,,,,,0,,,,0,,,,,WF,S,20170812,20170911,N,,,,,,,0,JPMBB13C17,,,,,
JPMBB13C17,,301410013,13,20170915,25375000,25375000,20170901,,0.0474,20231201,0.000113,,,,,0.000005,0.047282,,,,,103572.29,0,103572.29,,0,,,,,,0,,0,25375000,0,0,0,0,N,,,,,,,,,,,4555870,1897065,2658805,1222821,2.1743,0.82,20161231,5202385,2444507,2757878,1219480,2.2615,0.85,20151231,2792897.92,1114066.92,1678831,608069.58,2.7609,0.88,20170101,20170630,20131010,39600000,,,,,,,YN,,20131230,20131230,1,,,,CREFC,,2106481,1.7226,2205554,1.8086,1402668.62,2.3067,N,,,,,0,208977.86,,0,0,0,,N,,25375000,SH,,,,,,,,,,,0,,,,0,,,,,WF,S,20170812,20170911,N,,,,,,,0,JPMBB13C17,,,,,
JPMBB13C17,,883100162,15,20170915,23263382.86,23233366.06,20170906,,0.0485,20181006,0.000513,,,,,0.000005,0.047982,,,,,97156.93,30016.8,127173.73,,0,,,,,,0,,0,23233366.06,0,0,0,0,N,,,,,,,,,,,7134663,3588341,3546322,1526085,2.3238,0.92,20161231,6823158,3592939,3230219,1410253,2.2905,0.87,20151231,3487547,1913952,1573595,763042,2.0622,0.9,20170101,20170630,20130826,34350000,,,,,,,YN,,20131230,20131230,1,,,,CREFC,20150721,3346822,2.193,3030719,2.149,1473845,1.9315,N,,,,,0,379639.64,20170811,0,0,0,,N,,24100000,S1,,,,,,,,,,,0,,,,0,,,,,WF,S,20170812,20170911,N,,,,,,,0,JPMBB13C17,,,,,
JPMBB13C17,,883100180,16,20170915,20797508.28,20773478.89,20170906,,0.04836,20231206,0.000113,,,,,0.000005,0.048242,,,,,86607.76,24029.39,110637.15,,0,,,,,,0,,0,20773478.89,0,0,0,0,N,,,,,,,,,,,4083391,1636155,2447236,1032486,2.3702,0.92,20161231,3881750,1781319,2100431,1029665,2.0399,0.93,20151231,2040081,825706,1214375,663823,1.8293,0.89,20170101,20170630,20130916,30000000,,,,,,,YN,,20131230,20131230,1,,,,CREFC,,2211460,2.1418,1864655,1.8109,1096488,1.6517,X,,,,,0,175923.16,,0,0,0,,N,,21000000,S2,,,,,,,,,,,0,,,,0,,,,,WF,S,20170812,20170911,N,,,,,,,0,JPMBB13C17,,,,,
JPMBB13C17,,883100171,17,20170915,16797013.76,16744419.31,20170906,,0.05121,20231106,0.000113,,,,,0.000005,0.051092,,,,,74070.63,52594.45,126665.08,,0,,,,,,0,,0,16744419.31,0,0,0,0,N,,,,,,,,,,,3261680,933129,2328551,1519980,1.5319,0.98,20161231,3332506,948332,2384174,1519980,1.5685,0.98,20151231,1564300,425355,1138945,759990,1.4986,0.98,20170101,20170630,20130614,28500000,,,,,,,YN,,20131230,20131230,1,,,,CREFC,,2082694,1.3702,2138317,1.4068,1016017,1.3368,N,,,,,0,527569.3,,0,0,0,,N,,19000000,S1,,,,,,,,,,,0,,,,0,,,,,WF,S,20170812,20170911,N,,,,,,,0,JPMBB13C17,,,,,
JPMBB13C17,,301410018,18,20170915,16000000,16000000,20170901,,0.0482,20231101,0.000113,,,,,0.000005,0.048082,,,,,66408.89,0,66408.89,,0,,,,,,0,,0,16000000,0,0,0,0,N,,,,,,,,,,,2695848,554554,2141294,784053,2.731,1,20161231,2714565,528468,2186097,781911,2.7958,1,20151231,3084747.86,625530.8,2459217.06,781911.23,3.1451,1,20160701,20170630,20130926,29000000,,,,,,,TN,,20131230,20131230,1,,,,CREFC,20140528,1987168,2.5344,2031971,2.5987,2305091.65,2.948,N,,,,,0,,,0,0,0,,N,,16000000,H,,,,,,,,,,,0,,,,0,,,,,WF,S,20170812,20170911,N,,,,,,,0,JPMBB13C17,,,,,
JPMBB13C17,,301410019,19,20170915,14836538.45,14819338.61,20170901,,0.048475,20231101,0.000113,,,,,0.000005,0.048357,,,,,61931.21,17199.84,79131.05,,0,,,,,,0,,0,14819338.61,0,0,0,0,N,,,,,,,,,,,3617394,1831488,1785906,774299,2.3064,0.95,20161231,3492397,1813750,1678647,737224,2.2769,0.95,20151231,1851222,902780,948442,474786,1.9976,0.95,20170101,20170630,20130822,22700000,,,,,,,YN,,20131230,20131230,1,,,,CREFC,,1680906,2.1708,1573647,2.1345,895942,1.887,X,,,,,0,17503.32,,0,0,0,,N,,15000000,S2,,,,,,,,,,,0,,,,0,,,,,WF,S,20170812,20170911,N,,,,,,,0,JPMBB13C17,,,,,
JPMBB13C17,,301410020,20,20170915,13879179.02,13860648.5,20170901,,0.0512,20240101,0.000113,,,,,0.000005,0.051082,,,,,61191.76,18530.52,79722.28,,0,,,,,,0,,0,13860648.5,0,0,0,0,N,,,,,,,,,,,2640059,948057,1692002,956667,1.7686,1,20161231,2538372,871188,1667184,956667,1.7427,1,20151231,1366548.42,497665.22,868883.2,478333.31,1.8164,1,20170101,20170630,20131111,19940000,,,,,,,YN,,20131230,20131230,1,,,,CREFC,,1673002,1.7487,1648184,1.7228,859383.2,1.7966,N,,,,,0.49,75596.48,,0,0,0,,N,,14650000,N,,,,,,,,,,,0,,,,0,,,,,WF,S,20170812,20170911,N,,,,,,,0,JPMBB13C17,,,,,
JPMBB13C17,,883100182,22,20170915,13052122.22,13034479.81,20170906,,0.05087,20231206,0.000113,,,,,0.000005,0.050752,,,,,57174.46,17642.41,74816.87,,0,,,,,,0,,0,13034479.81,0,0,0,0,N,,,,,,,,,,,3281482,1635900,1645582,897802,1.8329,0.97,20161231,3137581,1654697,1482884,897802,1.6516,0.91,20151231,1633718.09,784996.1,848721.99,448901,1.8906,0.85,20170101,20170630,20131008,18500000,,,,,,,YN,,20131230,20131230,1,,,,CREFC,,1369084,1.5249,1206386,1.3437,710473.99,1.5826,N,,,,,0,402848.09,,0,0,0,,N,,13800000,S2,,,,,,,,,,,0,,,,0,,,,,WF,S,20170812,20170911,N,,,,,,,0,JPMBB13C17,,,,,
JPMBB13C17,,883100173,23,20170915,12892584.63,12876276.3,20170906,,0.05442,20231106,0.000113,,,,,0.000005,0.054302,,,,,60416.8,16308.33,76725.13,,0,,,,,,0,,0,12876276.3,0,0,0,0,N,,,,,,,,,,,3358895,1498283,1860612,920701,2.0208,0.94,20161231,3183284,1399798,1783486,920701,1.937,0.98,20151231,1719777,728238,991539,460350,2.1538,0.92,20170101,20170630,20131030,23200000,,,,,,,YN,,20131230,20131230,1,,,,CREFC,,1769137,1.9215,1692011,1.8377,945802,2.0545,N,,,,,0,392408.51,,0,0,0,,N,,13600000,S1,,,,,,,,,,,0,,,,0,,,,,WF,S,20170812,20170911,N,,,,,,,0,JPMBB13C17,,,,,
JPMBB13C17,,301410024,24,20170915,12278988.05,12262336.01,20170901,,0.051024,20231101,0.000113,,,,,0.000005,0.050906,,,,,53950.6,16652.04,70602.64,,0,,,,,,0,,0,12262336.01,0,0,0,0,N,,,,,,,,,,,3393887,1629798,1764089,847231,2.0821,0.8,20161231,3222935,1665309,1557626,847231,1.8384,0.78,20151231,3569933,1665076,1904857,847232,2.2483,0.87,20160701,20170630,20130924,18100000,,,,,,,TN,,20131230,20131230,1,,,,CREFC,,1440290,1.6999,1233827,1.4563,1581058,1.8661,N,,,,,8.49,327369.19,,0,0,0,,N,,13000000,H,,,,,,,,,,,0,,,,0,,,,,WF,S,20170812,20170911,N,,,,,,,0,JPMBB13C17,,,,,
JPMBB13C17,,301410026,26,20170915,11160570.17,11145486.07,20170901,,0.050875,20231201,0.000113,,,,,0.000005,0.050757,,,,,48893.37,15084.1,63977.47,,0,,,,,,0,,0,11145486.07,0,0,0,0,N,,,,,,,,,,,4936329,2898387,2037942,767730,2.6545,0.82,20161231,4514436,3089894,1424542,767730,1.8555,0.79,20151231,5186766,2998489,2188277,767730,2.8503,0.84,20160701,20170630,20131001,19000000,,,,,,,TN,,20131230,20131230,1,,,,CREFC,,1886048,2.4566,1272648,1.6576,2036383,2.6524,X,,,,,0,634880.5,,0,0,0,,N,,11800000,S1,,,,,,,,,,,0,,,,0,,,,,WF,S,20170812,20170911,N,,,,,,,0,JPMBB13C17,,,,,
JPMBB13C17,,883100157,25,20170915,11092598.29,11071586.09,20170206,,0.0556,20231006,0.000113,0.0025,,,,0.000005,0.052982,,,,,53108.9,21012.2,74121.1,,0,,,,,,0,,0,11225143.04,518519.2,386975.93,500000,6,N,,,,,,,,,,,11120001,9729149,1390852,889453,1.5637,0.55,20151231,11075163,9491486,1583677,889453,1.7805,0.54,20141228,10742404,9536379,1206025,889453,1.3559,0.53,20151001,20160925,20130816,21600000,0,20170323,,,,,TN,,20131230,20131230,1,,,,CREFC,,930156,1.0457,1122981,1.2625,745329,0.8379,N,0,,,,12576.27,64441.7,,2387.99,0,0,,N,,12000000,S2,,,,,,,,,,,0,,,H,0,,,,,WF,S,20170812,20170911,N,N,,,,0,,0,JPMBB13C17,,,,0,0
JPMBB13C17,,301410027,27,20170915,10916982.7,10900519.71,20170901,,0.04563,20181101,0.000113,,,,,0.000005,0.045512,,,,,42895.55,16462.99,59358.54,,0,,,,,,0,,0,10900519.71,0,0,0,0,N,,,,,,,,,,,3177369,1718871,1458498,712302,2.0475,0.83,20161231,3456625,1734502,1722123,712302,2.4176,0.89,20151231,1618673,963992,654681,356151,1.8382,0.83,20170101,20170630,20130619,15700000,,,,,,,YN,,20131230,20131230,1,,,,CREFC,,1306392,1.834,1570017,2.2041,578628,1.6246,N,,,,,10.09,634402.41,,0,0,0,,N,,11629000,N,,,,,,,,,,,0,,,,0,,,,,WF,S,20170812,20170911,N,,,,,,,0,JPMBB13C17,,,,,
JPMBB13C17,,301410028,28,20170915,10854672.08,10839439.2,20170901,,0.049,20231201,0.000113,,,,,0.000005,0.048882,,,,,45800.69,15232.88,61033.57,,0,,,,,,0,,0,10839439.2,0,0,0,0,N,,,,,,,,,,,1293892,225919,1067973,732402,1.4581,1,20161231,1257048,213967,1043081,732402,1.4241,1,20151231,660643,112168,548475,366201,1.4977,1,20170101,20170630,20130924,17080000,,,,,,,YN,,20131230,20131230,1,,,,CREFC,,1009110,1.3778,984218,1.3438,519044,1.4173,N,,,,,38.01,240938.07,,0,0,0,,N,,11500000,S1,,,,,,,,,,,0,,,,0,,,,,WF,S,20170812,20170911,N,,,,,,,0,JPMBB13C17,,,,,
JPMBB13C17,,301410029,29,20170915,10597908.44,10583707.7,20170905,,0.0513,20231205,0.000113,,,,,0.000005,0.051182,,,,,46816.26,14200.74,61017,,0,,,,,,0,,0,10583707.7,0,0,0,0,N,,,,,,,,,,,3496016,2565690,930326,732204,1.2705,0.67,20161231,3758424,2483187,1275237,732204,1.7416,0.71,20151231,3449097,2499956,949141,732204,1.2962,0.67,20160701,20170630,20131031,16500000,,,,,,,TN,,20131230,20131230,1,,,,CREFC,,780117,1.0654,1125028,1.5364,798932,1.0911,N,,,,,0,84206.72,20161011,0,0,0,,N,,11200000,S2,,,,,,,,,,,0,,,,0,,,,,WF,S,20170812,20170911,N,,,,,,,0,JPMBB13C17,,,,,
JPMBB13C17,,301410010,10,20170915,9899181.57,9888094.05,20170901,,0.05,20231101,0.000588,,,,,0.000005,0.049407,,,,,42621.48,11087.52,53709,,0,,,,,,0,,0,9888094.05,0,0,0,0,N,,,,,,,,,,,3360973,1678875,1682098,520609,3.231,0.96,20161231,3101479,1620281,1481198,507198,2.9203,0.96,20151231,1833109,834968.89,998140.11,322254.79,3.0973,0.95,20170101,20170630,20130918,17300000,,,,,,,YN,,20131230,20131230,1,,,,CREFC,,1530215,2.9392,1329315,2.6208,922198.07,2.8617,X,,,,,50.84,144333.13,,0,0,0,,N,,10005000,S1,,,,,,,,,,,0,,,,0,,,,,WF,S,20170812,20170911,N,,,,,,,0,JPMBB13C17,,,,,
JPMBB13C17,,301410030,30,20170915,9889789.39,9875685.36,20170905,,0.0485,20231105,0.000413,,,,,0.000005,0.048082,,,,,41303.61,14104.03,55407.64,,0,,,,,,0,,0,9875685.36,0,0,0,0,N,,,,,,,,,,,2105601.15,966778.7,1138822.45,664891.68,1.7127,0.97,20161231,2071835,877790,1194045,664892,1.7958,0.9,20151231,1114059.59,477307.47,636752.12,332446.84,1.9153,0.94,20170101,20170630,20131009,14500000,,,,,,,YN,,20131230,20131230,1,,,,CREFC,20150720,1080822.45,1.6255,1136045,1.7086,607752.12,1.8281,X,,,,,36.53,24004.12,,0,0,0,,N,,10500000,S2,,,,,,,,,,,0,,,,0,,,,,WF,S,20170812,20170911,N,,,,,,,0,JPMBB13C17,,,,,
JPMBB13C17,,301410033,33,20170915,9527809.01,9516934.11,20170901,,0.052,20231201,0.000113,,,,,0.000005,0.051882,,,,,42663.41,10874.9,53538.31,,0,,,,,,0,,0,9516934.11,0,0,0,0,N,,,,,,,,,,,1645215.12,628461.19,1016753.93,642459,1.5825,0.93,20161231,1553733,549707,1004026,514041,1.9532,0.93,20151231,818915.57,341983.04,476932.53,321229,1.4847,0.98,20170101,20170630,20130822,13000000,,,,,,,YN,,20131230,20131230,1,,,,CREFC,,977493.93,1.5214,964766,1.8768,457302.53,1.4236,N,,,,,3.56,22814,20170811,0,0,0,,N,,9750000,S2,,,,,,,,,,,0,,,,0,,,,,WF,S,20170812,20170911,N,,,,,,,0,JPMBB13C17,,,,,
JPMBB13C17,,883100186,32,20170915,9381986.94,9369777.87,20170906,,0.05273,20231206,0.000113,,,,,0.000005,0.052612,,,,,42600.21,12209.07,54809.28,,0,,,,,,0,,0,9369777.88,0,0,0,0,N,,,,,,,,,,,1428456,612608,815848,657711,1.2404,0.79,20161231,1495034,639352,855682,657711,1.3009,0.79,20151231,347019,157878,189141,164427,1.1503,0.85,20170101,20170331,20131025,13200000,,,,,,,YN,,20131230,20131230,1,,,,CREFC,,695690,1.0577,735524,1.1183,159103,0.9676,N,,,,,0,16948.58,20160711,0,0,0,,N,,9900000,S1,,,,,,,,,,,0,,,,0,,,,,WF,S,20170812,20170911,N,,,,,,,0,JPMBB13C17,,,,,
JPMBB13C17,,301410031,31,20170915,9349621.53,9329650.83,20170901,,0.04722,20200731,0.000113,,,,,0.000005,0.047102,,,,,38017.12,19970.7,57987.82,,0,,,,,,0,,0,9329650.83,0,0,0,0,N,,,,,,,,,,,2404072,926933,1477139,695853,2.1227,0.94,20161231,2350520,867472,1483048,695853,2.1312,0.97,20151231,2413966,952740,1461226,695853,2.0999,0.96,20160701,20170630,20130908,14040000,,,,,,20181101,TN,,20131230,20131230,1,,,,CREFC,,1289899,1.8536,1295808,1.8621,1273986,1.8308,N,,,,,81.58,91072.13,,0,0,0,,N,,10200000,H,,,,,,,,,,,0,,,,0,,,,,WF,S,20170812,20170911,N,,,,,,,0,JPMBB13C17,,,,,
JPMBB13C17,,301410011,11,20170915,9206585.15,9196273.36,20170901,,0.05,20231101,0.000588,,,,,0.000005,0.049407,,,,,39639.46,10311.79,49951.25,,0,,,,,,0,,0,9196273.36,0,0,0,0,N,,,,,,,,,,,2998594,1539770,1458824,484184,3.0129,0.95,20161231,2732988,1472307,1260681,471712,2.6725,0.96,20151231,1635343.75,723142.21,912201.54,299708.91,3.0436,0.97,20170101,20170630,20130918,17400000,,,,,,,YN,,20131230,20131230,1,,,,CREFC,,1337736,2.7628,1139593,2.4158,851657.46,2.8416,X,,,,,38.58,63417.02,,0,0,0,,N,,9305000,S1,,,,,,,,,,,0,,,,0,,,,,WF,S,20170812,20170911,N,,,,,,,0,JPMBB13C17,,,,,
JPMBB13C17,,301410035,35,20170915,8941984.98,8930003.1,20170905,,0.0513,20231205,0.000688,,,,,0.000005,0.050607,,,,,39501.22,11981.88,51483.1,,0,,,,,,0,,0,8930003.1,0,0,0,0,N,,,,,,,,,,,553289,248911,304378,617797,0.4926,0.39,20161231,983231,292315,690916,617797,1.1183,0.39,20151231,237823,141640,96183,308899,0.3113,0.39,20170101,20170630,20131022,12800000,,,,,,,YN,,20131230,20131230,1,,,,CREFC,,213386,0.3453,599924,0.971,50688,0.164,N,,,,,0,543413.78,20160311,0,0,0,,N,,9450000,N,,,,,,,,,,,0,,,,0,,,,,WF,S,20170812,20170911,N,,,,,,,0,JPMBB13C17,,,,,
JPMBB13C17,,883100170,34,20170915,8874557.2,8857458.91,20170906,,0.05408,20231106,0.000113,,,,,0.000005,0.053962,,,,,41327.83,17098.29,58426.12,,0,,,,,,0,,0,8857458.91,0,0,0,0,N,,,,,,,,,,,,,,,,,,2349361,1167004,1182357,701113,1.6864,0.7,20151231,535986,265972,270014,175278,1.5404,0.77,20170101,20170330,20130717,15000000,,,,,,,YN,,20131230,20131230,1,,,,CREFC,,,,987039,1.4078,221185,1.2619,N,,,,,0,58903.6,,0,0,0,,N,,9600000,S1,,,,,,,,,,,0,,,,0,,,,,WF,S,20170812,20170911,N,,,,,,,0,JPMBB13C17,,,,,
JPMBB13C17,,301410012,12,20170915,8845445.6,8835538.31,20170901,,0.05,20231101,0.000588,,,,,0.000005,0.049407,,,,,38084.56,9907.29,47991.85,,0,,,,,,0,,0,8835538.31,0,0,0,0,N,,,,,,,,,,,2857043,1392293,1464750,465191,3.1487,0.97,20161231,2569474,1385898,1183576,453208,2.6115,0.94,20151231,1534610.62,666154.19,868456.43,287951.84,3.0159,0.96,20170101,20170630,20130918,15200000,,,,,,,YN,,20131230,20131230,1,,,,CREFC,,1365831,2.936,1084657,2.3932,818996.48,2.8442,X,,,,,35.31,58063.47,,0,0,0,,N,,8940000,S1,,,,,,,,,,,0,,,,0,,,,,WF,S,20170812,20170911,N,,,,,,,0,JPMBB13C17,,,,,
JPMBB13C17,,301410038,38,20170915,8784863.54,8774290.5,20170905,,0.0496,20231205,0.000313,,,,,0.000005,0.049282,,,,,37521.13,10573.04,48094.17,,0,,,,,,0,,0,8774290.5,0,0,0,0,N,,,,,,,,,,,942186,147554,794632,577130,1.3768,0.86,20161231,925309,147469,777840,452600,1.7186,0.86,20151231,261495,35616,225879,144282,1.5655,0.86,20170101,20170331,20131125,12200000,,,,,,,YN,,20131230,20131230,1,,,,CREFC,,784309,1.3589,767517,1.6957,223298,1.5476,N,,,,,2.83,30987.46,,0,0,0,,N,,9000000,S2,,,,,,,,,,,0,,,,0,,,,,WF,S,20170812,20170911,N,,,,,,,0,JPMBB13C17,,,,,
JPMBB13C17,,301410039,39,20170915,8700000,8700000,20170901,,0.0506,20231001,0.000113,,,,,0.000005,0.050482,,,,,37907.83,0,37907.83,,0,,,,,,0,,0,8700000,0,0,0,0,N,,,,,,,,,,,1427954,890075,537879,447557,1.2018,0.62,20161231,1782888,823225,959663,446335,2.15,0.89,20151231,294383,235957,58426,110055,0.5308,0.77,20170101,20170331,20130910,14600000,,,,,,,YN,,20131230,20131230,1,,,,CREFC,,508879,1.137,930663,2.0851,51176,0.465,X,,,,,0,32471.26,20170811,0,0,0,,N,,8700000,S2,,,,,,,,,,,0,,,,0,,,,,WF,S,20170812,20170911,N,,,,,,,0,JPMBB13C17,,,,,
JPMBB13C17,,883100184,41,20170915,8134901.98,8125596.14,20170806,,0.0519,20231206,0.000113,,,,,0.000005,0.051782,,,,,36356.23,9305.84,45662.07,,0,,,,,,0,,0,8134901.98,45627.04,0,0,B,N,,,,,,,,,,,1050878,233979,816899,547946,1.4908,0.79,20161231,1068096,222636,845460,438069,1.9299,0.83,20151231,,,,,,,,,,11100000,,,,,,,,,20131230,20131230,3,,,,CREFC,,797499,1.4554,826060,1.8856,,,N,,,,,0,16486.7,,0,0,0,,N,,8325000,S2,,,,,,,,,,,0,,,,0,,,,,WF,S,20170812,20170911,N,,,,,,,0,JPMBB13C17,,,,,
JPMBB13C17,,883100169,40,20170915,8090468.95,8079157.1,20170906,,0.0495,20231106,0.000613,,,,,0.000005,0.048882,,,,,34485.62,11311.85,45797.47,,0,,,,,,0,,0,8079157.11,0,0,0,0,N,,,,,,,,,,,1264555,612302,652253,549569,1.1868,0.8,20161231,1327414,582526,744888,549569,1.3554,0.96,20151231,,,,,,,,,20130827,11630000,,,,,,,,,20131230,20131230,1,,,,CREFC,,626224,1.1394,718859,1.308,,,N,,,,,0,47945.92,,0,0,0,,N,,8580000,S2,,,,,,,,,,,0,,,,0,,,,,WF,S,20170812,20170911,N,,,,,,,0,JPMBB13C17,,,,,
JPMBB13C17,,301410042,42,20170915,7763315.78,7753018.64,20170905,,0.0518,20231205,0.000488,,,,,0.000005,0.051307,,,,,34628.7,10297.14,44925.84,,0,,,,,,0,,0,7753018.64,0,0,0,0,N,,,,,,,,,,,1404849,409444,995405,539110,1.8463,1,20161231,1338974,388308,950666,539110,1.7633,0.92,20151231,730528,188948,541580,269555,2.0091,1,20170101,20170630,20131022,11400000,,,,,,,YN,,20131230,20131230,1,,,,CREFC,,931029,1.7269,886290,1.6439,509391,1.8897,N,,,,,0,128015.94,,0,0,0,,N,,8200000,N,,,,,,,,,,,0,,,,0,,,,,WF,S,20170812,20170911,N,,,,,,,0,JPMBB13C17,,,,,
JPMBB13C17,,883100167,43,20170915,7615035.58,7605372.07,20170906,,0.049,20180806,0.000513,,,,,0.000005,0.048482,,,,,32131.22,9663.51,41794.73,,0,,,,,,0,,0,7605372.08,0,0,0,0,N,,,,,,,,,,,,,,,,,,,,,,,,,,,,,,,,,,,,,,,,,,,20131230,20170711,,,,,,,,,,,,,F,,,,,0,,,0,0,0,,N,,7875000,,,,,,,,,,,,0,,,,0,,,,,WF,S,20170812,20170911,N,,,,,,,0,JPMBB13C17,,,,,
JPMBB13C17,,301410045,45,20170915,7090718.29,7081061.95,20170905,,0.0505,20231205,0.000713,,,,,0.000005,0.049782,,,,,30834.78,9656.34,40491.12,,0,,,,,,0,,0,7081061.95,0,0,0,0,N,,,,,,,,,,,822802,339992,482810,485893,0.9936,1,20161231,1095094,362954,732140,485893,1.5067,1,20151231,561375.15,176090.49,385284.66,242946.96,1.5858,0.95,20170101,20170630,20131104,10500000,,,,,,,YN,,20131230,20131230,1,,,,CREFC,,412490,0.8489,661820,1.362,350125.25,1.4411,N,,,,,0.12,579258.75,,0,0,0,,N,,7500000,S1,,,,,,,,,,,0,,,,0,,,,,WF,S,20170812,20170911,N,,,,,,,0,JPMBB13C17,,,,,
JPMBB13C17,,883100187,44,20170915,6826339.16,6805052.75,20170906,,0.05086,20231206,0.000113,,,,,0.000005,0.050742,,,,,29896.71,21286.41,51183.12,,0,,,,,,0,,0,6805052.75,0,0,0,0,N,,,,,,,,,,,968954,177071,791883,614197,1.2892,1,20161231,951905,168371,783534,614197,1.2757,1,20151228,503901,91016,412885,307098,1.3444,1,20170101,20170630,20131010,11850000,,,,,,,YN,,20131230,20131230,1,,,,CREFC,20150224,749889,1.2209,741540,1.2073,391889,1.2761,N,,,,,0,102509.94,,0,0,0,,N,,7700000,S2,,,,,,,,,,,0,,,,0,,,,,WF,S,20170812,20170911,N,,,,,,,0,JPMBB13C17,,,,,
JPMBB13C17,,301410046,46,20170915,6781726.8,6772237.24,20170901,,0.04974,20231001,0.000113,,,,,0.000005,0.049622,,,,,29047.27,9489.56,38536.83,,0,,,,,,0,,0,6772237.24,0,0,0,0,N,,,,,,,,,,,2657417,1422453,1234964,462441,2.6705,0.6,20161231,2666900,1393083,1273817,462441,2.7545,0.61,20151231,1370805,709722,661083,231221,2.859,0.6,20170101,20170630,20130701,12750000,,,,,,,YN,,20131230,20131230,1,,,,CREFC,,1146659,2.4795,1185512,2.5635,616931,2.6681,X,,,,,49.33,292105.96,,0,0,0,,N,,7200000,N,,,,,,,,,,,0,,,,0,,,,,WF,S,20170812,20170911,N,,,,,,,0,JPMBB13C17,,,,,
JPMBB13C17,,301410047,47,20170915,6717598.44,6708578.85,20170901,,0.0512,20231201,0.000113,,,,,0.000005,0.051082,,,,,29617.15,9019.59,38636.74,,0,,,,,,0,,0,6708578.85,0,0,0,0,N,,,,,,,,,,,1332953,509319,823634,463641,1.7764,0.88,20161231,1306821,555490,751331,463641,1.6205,0.86,20151231,711657,239328,472329,231821,2.0374,0.85,20170101,20170630,20130620,12100000,,,,,,,YN,,20131230,20131230,1,,,,CREFC,,805742,1.7378,733439,1.5819,463383,1.9988,N,,,,,0,153295,,0,0,0,,N,,7100000,S2,,,,,,,,,,,0,,,,0,,,,,WF,S,20170812,20170911,N,,,,,,,0,JPMBB13C17,,,,,
JPMBB13C17,,301410048,48,20170915,6621069.69,6612483.63,20170901,,0.0535,20231001,0.000113,,,,,0.000005,0.053382,,,,,30502.9,8586.06,39088.96,,0,,,,,,0,,0,6612483.63,0,0,0,0,N,,,,,,,,,,,1498257,338885,1159372,469067,2.4716,1,20161231,1387491,354431,1033060,469067,2.2023,1,20151231,669728,178738.14,490989.86,234532.84,2.0934,1,20170101,20170630,20130409,10900000,,,,,,,YN,,20131230,20131230,1,,,,CREFC,,1128372,2.4055,1002060,2.1362,475489.86,2.0273,N,,,,,4.52,121513.11,,0,0,0,,N,,7000000,S2,,,,,,,,,,,0,,,,0,,,,,WF,S,20170812,20170911,N,,,,,,,0,JPMBB13C17,,,,,
JPMBB13C17,,301410049,49,20170915,6473484.69,6463622.89,20170901,,0.0451,20181101,0.000113,,,,,0.000005,0.044982,,,,,25140.5,9861.8,35002.3,,0,,,,,,0,,0,6463622.89,0,0,0,0,N,,,,,,,,,,,1272947.66,655214.35,617733.31,420027.44,1.4706,0.94,20161231,1132661,654562,478099,420028,1.1382,0.92,20151231,648962.39,318667.38,330295.01,210012.99,1.5727,0.94,20170101,20170630,20130723,9600000,,,,,,,YN,,20131230,20131230,1,,,,CREFC,,580811.81,1.3827,441178,1.0503,311833.98,1.4848,X,,,,,12.46,32011.87,,0,0,0,,N,,6900000,SF,,,,,,,,,,,0,,,,0,,,,,WF,S,20170812,20170911,N,,,,,,,0,JPMBB13C17,,,,,
JPMBB13C17,,301410050,50,20170915,5299601.89,5292669.87,20170901,,0.0528,20231101,0.000113,,,,,0.000005,0.052682,,,,,24095.52,6932.02,31027.54,,0,,,,,,0,,0,5292669.87,0,0,0,0,N,,,,,,,,,,,961178,306996,654182,372330,1.7569,1,20161231,925243,282036,643207,372330,1.7275,0.98,20151231,260116,67727,192389,93083,2.0668,1,20170101,20170331,20130827,7200000,,,,,,,YN,,20131230,20131230,1,,,,CREFC,,629382,1.6903,618407,1.6609,186189,2.0002,N,,,,,0.05,22733.37,,0,0,0,,N,,5600000,S2,,,,,,,,,,,0,,,,0,,,,,WF,S,20170812,20170911,N,,,,,,,0,JPMBB13C17,,,,,
JPMBB13C17,,883100155,36,20170915,5031155.47,5021644.02,20170906,,0.0562,20230906,0.000113,,,,,0.000005,0.056082,,,,,24348,9511.45,33859.45,,0,,,,,,0,,0,5021644.02,0,0,0,0,N,,,,,,,,,,,1936150,1084000,852150,406313,2.0972,0.98,20161231,1877232,1084674,792558,406313,1.9506,0.98,20151231,473366,274159,199207,101578,1.9611,0.99,20170101,20170331,20130814,8300000,,,,,,,YN,,20131230,20131230,1,,,,CREFC,,757750,1.8649,698158,1.7182,175607,1.7287,N,,,,,0,162474.7,20170911,0,0,0,,N,,5450000,S1,,,,,,,,,,,0,,,,0,,,,,WF,S,20170812,20170911,N,,,,,,,0,JPMBB13C17,,,,,
JPMBB13C17,,301410051,51,20170915,4871647.14,4865222.49,20170901,,0.0524,20231101,0.000113,,,,,0.000005,0.052282,,,,,21981.95,6424.65,28406.6,,0,,,,,,0,,0,4865222.49,0,0,0,0,N,,,,,,,,,,,709966,261052,448914,340879,1.3169,1,20161231,680565,229359,451206,340879,1.3236,1,20150930,368525,117389,251136,170439,1.4734,1,20170101,20170630,20130829,8300000,,,,,,,YN,,20131230,20131230,1,,,,CREFC,,435572,1.2777,437864,1.2845,244465,1.4343,N,,,,,0,1886,,0,0,0,,N,,5150000,S2,,,,,,,,,,,0,,,,0,,,,,WF,S,20170812,20170911,N,,,,,,,0,JPMBB13C17,,,,,
JPMBB13C17,,883100166,52,20170915,4859117.9,4852951.66,20170906,,0.049,20180806,0.000513,,,,,0.000005,0.048482,,,,,20502.78,6166.24,26669.02,,0,,,,,,0,,0,4852951.66,0,0,0,0,N,,,,,,,,,,,,,,,,,,,,,,,,,,,,,,,,,,,,,,,,,,,20131230,20170711,,,,,,,,,,,,,F,,,,,0,,,0,0,0,,N,,5025000,,,,,,,,,,,,0,,,,0,,,,,WF,S,20170812,20170911,N,,,,,,,0,JPMBB13C17,,,,,
JPMBB13C17,,301410053,53,20170915,4548698.84,4542775.82,20170905,,0.0527,20231205,0.000788,,,,,0.000005,0.051907,,,,,20642.25,5923.02,26565.27,,0,,,,,,0,,0,4542775.82,0,0,0,0,N,,,,,,,,,,,786810,282642,504168,318783,1.5815,1,20161231,,,,,,,,832111,288216,543895,318783,1.7061,1,20160701,20170630,20131007,6910000,,,,,,,TN,,20131230,20131230,1,,,,CREFC,,495768,1.5551,,,535495,1.6798,N,,,,,0,25444.78,,0,0,0,,N,,4800000,N,,,,,,,,,,,0,,,,0,,,,,WF,S,20170812,20170911,N,,,,,,,0,JPMBB13C17,,,,,
JPMBB13C17,,883100183,54,20170915,4071870.41,4066491.57,20170906,,0.052,20231206,0.000113,,,,,0.000005,0.051882,,,,,18232.93,5378.84,23611.77,,0,,,,,,0,,0,4066491.57,0,0,0,0,N,,,,,,,,,,,1192735,367296,825439,283341,2.9132,0.85,20161231,1053063,334313,718750,283341,2.5366,0.88,20151231,589965,186211,403754,141670,2.8499,0.92,20170101,20170630,20131009,7700000,,,,,,,YN,,20131230,20131230,1,,,,CREFC,,819168,2.8911,712479,2.5145,400619,2.8278,N,,,,,0,23533.31,,0,0,0,,N,,4300000,S1,,,,,,,,,,,0,,,,0,,,,,WF,S,20170812,20170911,N,,,,,,,0,JPMBB13C17,,,,,
JPMBB13C17,,301410055,55,20170915,3960080.76,3955075.57,20170901,,0.0526,20231101,0.000113,,,,,0.000005,0.052482,,,,,17936.97,5005.19,22942.16,,0,,,,,,0,,0,3955075.57,0,0,0,0,N,,,,,,,,,,,1098818,385626,713192,275306,2.5905,0.9,20161231,861942,342038,519904,275306,1.8884,0.9,20151231,681349,240265,441084,137653,3.2043,0.96,20170101,20170630,20130809,5700000,,,,,,,YN,,20131230,20131230,1,,,,CREFC,20160502,702315,2.551,509027,1.8489,435646,3.1648,N,,,,,0,42124.5,,0,0,0,,N,,4150000,N,,,,,,,,,,,0,,,,0,,,,,WF,S,20170812,20170911,N,,,,,,,0,JPMBB13C17,,,,,
JPMBB13C17,,883100168,56,20170915,3930808.86,3925820.65,20170906,,0.049,20180806,0.000513,,,,,0.000005,0.048482,,,,,16585.83,4988.21,21574.04,,0,,,,,,0,,0,3925820.65,0,0,0,0,N,,,,,,,,,,,,,,,,,,,,,,,,,,,,,,,,,,,,,,,,,,,20131230,20170728,,,,,,,,,,,,,F,,,,,0,,,0,0,0,,N,,4065000,,,,,,,,,,,,0,,,,0,,,,,WF,S,20170812,20170911,N,,,,,,,0,JPMBB13C17,,,,,
JPMBB13C17,,301410057,57,20170915,3511034.43,3506584.1,20170901,,0.054,20231201,0.000113,,,,,0.000005,0.053882,,,,,16326.31,4450.33,20776.64,,0,,,,,,0,,0,3506584.1,0,0,0,0,N,,,,,,,,,,,705422,243160,462262,249319,1.854,0.91,20161231,688036,231812,456224,249319,1.8298,0.87,20151231,370267.84,113734.27,256533.57,124659.84,2.0578,0.91,20170101,20170630,20131015,6150000,,,,,,,YN,,20131230,20131230,1,,,,CREFC,,416737,1.6715,410699,1.6472,233771.57,1.8752,N,,,,,2.45,107955.23,,0,0,0,,N,,3700000,S2,,,,,,,,,,,0,,,,0,,,,,WF,S,20170812,20170911,N,,,,,,,0,JPMBB13C17,,,,,
JPMBB13C17,,883100154,37,20170915,3415646.87,3409189.55,20170906,,0.0562,20230906,0.000113,,,,,0.000005,0.056082,,,,,16529.83,6457.32,22987.15,,0,,,,,,0,,0,3409189.55,0,0,0,0,N,,,,,,,,,,,1368145,876769,491376,275846,1.7813,0.98,20161231,1380826,903144,477682,275846,1.7316,0.98,20151231,688151,479181,208970,137923,1.5151,0.95,20170101,20170630,20130814,5800000,,,,,,,YN,,20131230,20131230,1,,,,CREFC,,419376,1.5203,405682,1.4706,172970,1.2541,N,,,,,0,227437.6,20170911,0,0,0,,N,,3700000,S1,,,,,,,,,,,0,,,,0,,,,,WF,S,20170812,20170911,N,,,,,,,0,JPMBB13C17,,,,,
JPMBB13C17,,883100149,58,20170915,3182613.32,3176542.84,20170906,,0.055625,20230906,0.000113,,,,,0.000005,0.055507,,,,,15244.5,6070.48,21314.98,,0,,,,,,0,,0,3176542.83,0,0,0,0,N,,,,,,,,,,,1047061,568696,478365,255780,1.8702,0.94,20161231,1024268,598386,425882,255780,1.665,0.99,20151231,520819,334193,186626,127890,1.4592,0.85,20170101,20170630,20130725,5300000,,,,,,,YN,,20131230,20131230,1,,,,CREFC,,420765,1.645,368282,1.4398,157826,1.234,N,,,,,0,92619.67,20150911,0,0,0,,N,,3450000,S1,,,,,,,,,,,0,,,,0,,,,,WF,S,20170812,20170911,N,,,,,,,0,JPMBB13C17,,,,,
JPMBB13C17,,301410060,60,20170915,3132752.22,3128814.42,20170901,,0.0544,20231201,0.000113,,,,,0.000005,0.054282,,,,,14675.2,3937.8,18613,,0,,,,,,0,,0,3128814.42,0,0,0,0,N,,,,,,,,,,,624894,282455,342439,223356,1.5331,0.98,20161231,667011,264807,402204,223356,1.8007,0.89,20151231,338064.42,125558.65,212505.77,111678,1.9028,0.9,20170101,20170630,20131004,4500000,,,,,,,YN,,20131230,20131230,1,,,,CREFC,,308039,1.3791,367804,1.6467,195305.11,1.7488,N,,,,,0,64347.49,,0,0,0,,N,,3300000,S2,,,,,,,,,,,0,,,,0,,,,,WF,S,20170812,20170911,N,,,,,,,0,JPMBB13C17,,,,,
JPMBB13C17,,883100163,59,20170915,3100768.07,3094994.15,20170906,,0.0567,20231006,0.000113,,,,,0.000005,0.056582,,,,,15139.5,5773.92,20913.42,,0,,,,,,0,,0,3094994.16,0,0,0,0,N,,,,,,,,,,,2485543,1706667,778876,250961,3.1035,0.79,20161231,2359355,1481591,877764,250961,3.4976,0.78,20151231,,,,,,,,,20130726,6500000,,,,,,,,,20131230,20131230,1,,,,CREFC,,708575,2.8234,807463,3.2174,,,N,,,,,0,236656.26,,0,0,0,,N,,3350000,S2,,,,,,,,,,,0,,,,0,,,,,WF,S,20170812,20170911,N,,,,,,,0,JPMBB13C17,,,,,
JPMBB13C17,,883100165,61,20170915,2786254,2782319.5,20170906,,0.049,20181106,0.000113,,,,,0.000005,0.048882,,,,,11756.44,3934.5,15690.94,,0,,,,,,0,,0,2782319.5,0,0,0,0,N,,,,,,,,,,,642532,255193,387339,188291,2.0571,0.92,20161231,614569,206635,407934,188291,2.1665,0.89,20151231,666718,256850,409868,188291,2.1767,0.99,20160701,20170630,20130730,4050000,,,,,,,TN,,20131230,20131230,1,,,,CREFC,20150507,379006,2.0128,399601,2.1222,401535,2.1325,N,,,,,0,0.9,,0,0,0,,N,,2956500,S2,,,,,,,,,,,0,,,,0,,,,,WF,S,20170812,20170911,N,,,,,,,0,JPMBB13C17,,,,,
JPMBB13C17,,301410062,62,20170915,2629990.96,2626071.33,20170901,,0.0474,20230701,0.000113,,,,,0.000005,0.047282,,,,,10734.75,3919.63,14654.38,,0,,,,,,0,,0,2626071.33,0,0,0,0,N,,,,,,,,,,,942807.38,513857.85,428949.53,175852,2.4392,0.99,20161231,904939,542599,362340,175852,2.0604,0.97,20151231,489757.22,271834,217923.22,87926,2.4784,0.95,20170101,20170630,20130425,3780000,,,,,,,YN,,20131230,20131230,1,,,,CREFC,,401949.53,2.2857,335340,1.9069,204423.22,2.3249,N,,,,,56.55,33448.67,20151013,0,0,0,,N,,2812500,S2,,,,,,,,,,,0,,,,0,,,,,WF,S,20170812,20170911,N,,,,,,,0,JPMBB13C17,,,,,
JPMBB13C17,,301410063,63,20170915,2557429.18,2554200.96,20170901,,0.0548,20231001,0.000113,,,,,0.000005,0.054682,,,,,12068.22,3228.22,15296.44,,0,,,,,,0,,0,2554200.96,0,0,0,0,N,,,,,,,,,,,485739,113152,372587,183557,2.0298,1,20161231,443726,129881,313845,183557,1.7097,1,20151231,252253.29,60009.27,192244.02,91779.15,2.0946,1,20170101,20170630,20130617,3600000,,,,,,,YN,,20131230,20131230,1,,,,CREFC,,341389,1.8598,282647,1.5398,176645.02,1.9246,N,,,,,0,122193.89,,0,0,0,,N,,2700000,S1,,,,,,,,,,,0,,,,0,,,,,WF,S,20170812,20170911,N,,,,,,,0,JPMBB13C17,,,,,
JPMBB13C17,,301410064,64,20170915,1993978.28,1991482.38,20170901,,0.0546,20231201,0.000113,,,,,0.000005,0.054482,,,,,9375.02,2495.9,11870.92,,0,,,,,,0,,0,1991482.38,0,0,0,0,N,,,,,,,,,,,367149,98230,268919,142451,1.8878,1,20161231,367148,99376,267772,142451,1.8797,1,20151231,183574.02,49625.23,133948.79,71224.88,1.8806,1,20170101,20170630,20130626,2800000,,,,,,,YN,,20131230,20131230,1,,,,CREFC,,227751,1.5988,226604,1.5907,113364.79,1.5916,N,,,,,12.68,157580.15,,0,0,0,,N,,2100000,S2,,,,,,,,,,,0,,,,0,,,,,WF,S,20170812,20170911,N,,,,,,,0,JPMBB13C17,,,,,
JPMBB13C17,,301410021,21,20161216,0,0,,,,,,,,,,,,,,,,,,,,,,20161205,,,9,,,,,,,,,N,,,,,,,,,,,,,,,,,,,,,,,,,,,,,,,,,,,,,,,,,,,,,,,,,,,,,,,,,,,,,,,,,0,,0,,,,,,,,,,,,,,,,,,,,,,,,,,,20170812,20170911,,,,,,,,,,,,,,
JPMBB13C17,,883100181,14,20170817,0,0,,,,,,,,,,,,,,,,,,,,,,20170804,,,9,,,,,,,,,N,,,,,,,,,,,,,,,,,,,,,,,,,,,,,,,,,,,,,,,,,,,,,,,,,,,,,,,,,,,,,,,,,0,,0,,,,,,,,,,,,,,,,,,,,,,,,,,,20170812,20170911,,,,,,,,,,,,,,
