JPMBB13C17,,301410001,1,20171117,112388644.3,112212676.5,20171101,,0.04366,20240101,0.000113,,,,,0.000005,0.043542,,,,,422537.6,175967.87,598505.47,,0,,,,,,0,,0,112212676.5,0,0,0,0,N,,,,,,,,,,,34335056,11571783,22763273,13167120,1.7287,0.95,20161231,32881212,11354670,21526542,13167120,1.6348,0.93,20151231,26861974,9653661,17208313,9875340,1.7425,0.95,20170101,20170930,20131115,366000000,,,,,,,YN,,20131230,20131230,1,,,,CREFC,,21863571,1.6604,20626840,1.5665,16533537,1.6742,X,,,,,0,,,0,0,0,,N,,220000000,S2,,,,,,,,,,,0,,,,0,,,,,WF,S,20171012,20171113,N,,,,,,,0,JPMBB13C17,,,,,
JPMBB13C17,,301410002,2,20171117,91272947.97,91159989.78,20171101,,0.049127,20231101,0.000213,,,,,0.000005,0.048909,,,,,386119.3,112958.19,499077.49,,0,,,,,,0,,0,91159989.78,0,0,0,0,N,,,,,,,,,,,12141824,1963547,10178277,5988930,1.6995,1,20161231,11988589,2178753,9809836,4893600,2.0046,1,20151231,9164199,1493362,7670837,4491694,1.7077,1,20170101,20170930,,125500000,,,,,,,YN,,20131230,20131230,7,,,,CREFC,,9211869,1.5381,8843428,1.8071,6946034,1.5464,X,,,,,727.15,813309.23,,0,0,0,,N,,93900000,H,,,,,,,,,,,0,,,,0,,,,,WF,S,20171012,20171113,N,,,,,,,0,JPMBB13C17,,,,,
JPMBB13C17,,301171001,3,20171117,87442947.76,87332874.83,20171101,,0.0483334,20231101,0.000113,,,,,0.000005,0.0482154,,,,,363941.29,110072.93,474014.22,,0,,,,,,0,,0,87332874.83,0,0,0,0,N,,,,,,,,,,,23100956,8232921,14868035,14220427,1.0455,0.95,20161231,23030082,8148531,14881551,11553417,1.288,0.93,20151231,16571719,5875833,10695886,10665320,1.0028,0.93,20170101,20170930,20130910,365000000,,,,,,,YN,,20131230,20131230,1,,,,CREFC,,14806035,1.0411,14819551,1.2826,10649386,0.9985,X,,,,,0,,20170213,0,0,0,,N,,225000000,H,,,,,,,,,,,0,,,,0,,,,,WF,S,20171012,20171113,N,,,,,,,0,JPMC13C16,,,,,
JPMBB13C17,,301410004,4,20171117,71160630.48,71072288.87,20171101,,0.0487,20231201,0.000113,,,,,0.000005,0.048582,,,,,298420.01,88341.61,386761.62,,0,,,,,,0,,0,71072288.87,0,0,0,0,N,,,,,,,,,,,14732991,5783379,8949612,4641139,1.9283,0.98,20161231,14392983,5780830,8612153,3610648,2.3852,0.96,20151231,11966624,4416594,7550030,3480854,2.169,1,20170101,20170930,20131015,123000000,,,,,,,YN,,20131230,20131230,1,,,,CREFC,,7399686,1.5943,7062227,1.9559,6387587,1.835,N,,,,,0,2338294.46,,0,0,0,,N,,73125000,H,,,,,,,,,,,0,,,,0,,,,,WF,S,20171012,20171113,N,,,,,,,0,JPMBB13C17,,,,,
JPMBB13C17,,883100172,5,20171117,45587464.66,45527972.24,20171106,,0.049655,20231206,0.000113,,,,,0.000005,0.049537,,,,,194925.03,59492.42,254417.45,,0,,,,,,0,,0,45527972.24,0,0,0,0,N,,,,,,,,,,,13790441,6933965,6856476,3053009,2.2458,0.82,20161231,13056582,6545807,6510775,3053009,2.1325,0.81,20151231,11681004,5526541,6154463,2289756,2.6878,0.87,20170101,20170930,20131023,73200000,,,,,,,YN,,20131230,20131230,1,,,,CREFC,,6398372,2.0957,6052671,1.9825,5810885,2.5377,N,,,,,0,886758.57,,0,0,0,,N,,47580000,S1,,,,,,,,,,,0,,,,0,,,,,WF,S,20171012,20171113,N,,,,,,,0,JPMBB13C17,,,,,
JPMBB13C17,,883100164,6,20171117,45399687.53,45347724.77,20171106,,0.04955,20231106,0.000113,,,,,0.000005,0.049432,,,,,193711.64,51962.76,245674.4,,0,,,,,,0,,0,45347724.77,0,0,0,0,N,,,,,,,,,,,7736939,2356535,5380404,2373022,2.2673,1,20161231,7488811,2165060,5323751,2310957,2.3036,0.99,20151231,3813052.94,1052838.68,2760214.26,1474046.26,1.8725,1,20170101,20170630,20130924,64600000,,,,,,,YN,,20131230,20131230,1,,,,CREFC,,5047436,2.127,4990783,2.1596,2593730.38,1.7595,N,,,,,0,79177.94,,0,0,0,,N,,46000000,S2,,,,,,,,,,,0,,,,0,,,,,WF,S,20171012,20171113,N,,,,,,,0,JPMBB13C17,,,,,
JPMBB13C17,,301410007,7,20171117,30592646.72,30557355.23,20171101,,0.0492,20231101,0.000413,,,,,0.000005,0.048782,,,,,129610.85,35291.49,164902.34,,0,,,,,,0,,0,30557355.23,0,0,0,0,N,,,,,,,,,,,3710260,845419,2864841,1588422,1.8035,1,20161231,3686014,934238,2751776,1546383,1.7794,0.83,20151231,2281104,463138,1817966,989414,1.8374,1,20170101,20170630,20130918,51000000,,,,,,,YN,,20131230,20131230,1,,,,CREFC,,2727535,1.7171,2614470,1.6907,1749314,1.768,X,,,,,117.17,18254.8,,0,0,0,,N,,31000000,S1,,,,,,,,,,,0,,,,0,,,,,WF,S,20171012,20171113,N,,,,,,,0,JPMBB13C17,,,,,
JPMBB13C17,,301410008,8,20171117,29648672.45,29615189.94,20171101,,0.049875,20231201,0.000313,,,,,0.000005,0.049557,,,,,127334.87,33482.51,160817.38,,0,,,,,,0,,0,29615189.94,0,0,0,0,N,,,,,,,,,,,4752140,2320912,2431228,1521188,1.5982,0.89,20161231,5409637,2686564,2723073,1517031,1.795,0.89,20151231,2643182.32,1332967.23,1310215.09,964904.45,1.3578,0.94,20170101,20170630,20131009,39000000,,,,,,,YN,,20131230,20131230,1,,,,CREFC,,2155225,1.4168,2447070,1.613,1172214.09,1.2148,X,,,,,2106.21,1962086.88,,0,0,0,,N,,30000000,S2,,,,,,,,,,,0,,,,0,,,,,WF,S,20171012,20171113,N,,,,,,,0,JPMBB13C17,,,,,
JPMBB13C17,,301410009,9,20171117,28177817.66,28137297.88,20171101,,0.048675,20231101,0.000113,,,,,0.000005,0.048557,,,,,118106.15,40519.78,158625.93,,0,,,,,,0,,0,28137297.88,0,0,0,0,N,,,,,,,,,,,5627921,2838788,2789133,1903511,1.4652,0.8,20161231,4215205,2182822,2032383,1903511,1.0677,0.77,20151231,2681582,1367034,1314548,951755,1.3811,0.67,20170101,20170630,20130918,43000000,,,,,,,YN,,20131230,20131230,1,,,,CREFC,20150410,2499159,1.3129,1742409,0.9153,1169560,1.2288,X,,,,,574.48,1165220.87,,0,0,0,,N,,30000000,N,,,,,,,,,,,0,,,,0,,,,,WF,S,20171012,20171113,N,,,,,,,0,JPMBB13C17,,,,,
JPMBB13C17,,301410013,13,20171117,25375000,25375000,20171101,,0.0474,20231201,0.000113,,,,,0.000005,0.047282,,,,,103572.29,0,103572.29,,0,,,,,,0,,0,25375000,0,0,0,0,N,,,,,,,,,,,4555870,1897065,2658805,1222821,2.1743,0.82,20161231,5202385,2444507,2757878,1219480,2.2615,0.85,20151231,4336922,1708856,2628066,915445,2.8708,0.89,20170101,20170930,20131010,39600000,,,,,,,YN,,20131230,20131230,1,,,,CREFC,,2106481,1.7226,2205554,1.8086,2213823,2.4183,N,,,,,0,183174.19,,0,0,0,,N,,25375000,SH,,,,,,,,,,,0,,,,0,,,,,WF,S,20171012,20171113,N,,,,,,,0,JPMBB13C17,,,,,
JPMBB13C17,,883100162,15,20171117,23200093.85,23169812.73,20171106,,0.0485,20181006,0.000513,,,,,0.000005,0.047982,,,,,96892.61,30281.12,127173.73,,0,,,,,,0,,0,23169812.73,0,0,0,0,N,,,,,,,,,,,7134663,3588341,3546322,1526085,2.3238,0.92,20161231,6823158,3592939,3230219,1410253,2.2905,0.87,20151231,5220365,2853819,2366546,1144564,2.0676,0.85,20170101,20170930,20130826,34350000,,,,,,,YN,,20131230,20131230,1,,,,CREFC,20150721,3346822,2.193,3030719,2.149,2216921,1.9369,N,,,,,0,945880.36,20171113,0,0,0,,N,,24100000,S1,,,,,,,,,,,0,,,,0,,,,,WF,S,20171012,20171113,N,,,,,,,0,JPMBB13C17,,,,,
JPMBB13C17,,883100180,16,20171117,20746558.86,20722317.3,20171106,,0.04836,20231206,0.000113,,,,,0.000005,0.048242,,,,,86395.59,24241.56,110637.15,,0,,,,,,0,,0,20722317.3,0,0,0,0,N,,,,,,,,,,,4083391,1636155,2447236,1032486,2.3702,0.92,20161231,3881750,1781319,2100431,1029665,2.0399,0.93,20151231,3045486,1222545,1822941,995734,1.8307,0.88,20170101,20170930,20130916,30000000,,,,,,,YN,,20131230,20131230,1,,,,CREFC,,2211460,2.1418,1864655,1.8109,1646110,1.6531,X,,,,,0,204750.76,,0,0,0,,N,,21000000,S2,,,,,,,,,,,0,,,,0,,,,,WF,S,20171012,20171113,N,,,,,,,0,JPMBB13C17,,,,,
JPMBB13C17,,883100171,17,20171117,16689211.04,16636141.21,20171106,,0.05121,20231106,0.000113,,,,,0.000005,0.051092,,,,,73595.25,53069.83,126665.08,,0,,,,,,0,,0,16636141.21,0,0,0,0,N,,,,,,,,,,,3261680,933129,2328551,1519980,1.5319,0.98,20161231,3332506,948332,2384174,1519980,1.5685,0.98,20151231,1564300,425355,1138945,759990,1.4986,0.98,20170101,20170630,20130614,28500000,,,,,,,YN,,20131230,20131230,1,,,,CREFC,,2082694,1.3702,2138317,1.4068,1016017,1.3368,N,,,,,0,484199.88,20171011,0,0,0,,N,,19000000,S1,,,,,,,,,,,0,,,,0,,,,,WF,S,20171012,20171113,N,,,,,,,0,JPMBB13C17,,,,,
JPMBB13C17,,301410018,18,20171117,16000000,16000000,20171101,,0.0482,20231101,0.000113,,,,,0.000005,0.048082,,,,,66408.89,0,66408.89,,0,,,,,,0,,0,16000000,0,0,0,0,N,,,,,,,,,,,2695848,554554,2141294,784053,2.731,1,20161231,2714565,528468,2186097,781911,2.7958,1,20151231,3084747.86,625530.8,2459217.06,781911.23,3.1451,1,20160701,20170630,20130926,29000000,,,,,,,TN,,20131230,20131230,1,,,,CREFC,20140528,1987168,2.5344,2031971,2.5987,2305091.65,2.948,N,,,,,0,,,0,0,0,,N,,16000000,H,,,,,,,,,,,0,,,,0,,,,,WF,S,20171012,20171113,N,,,,,,,0,JPMBB13C17,,,,,
JPMBB13C17,,301410019,19,20171117,14800071.51,14782719.45,20171101,,0.048475,20231101,0.000113,,,,,0.000005,0.048357,,,,,61778.99,17352.06,79131.05,,0,,,,,,0,,0,14782719.45,0,0,0,0,N,,,,,,,,,,,3617394,1831488,1785906,774299,2.3064,0.95,20161231,3492397,1813750,1678647,737224,2.2769,0.95,20151231,2777471,1393279,1384192,712179,1.9436,0.93,20170101,20170930,20130822,22700000,,,,,,,YN,,20131230,20131230,1,,,,CREFC,,1680906,2.1708,1573647,2.1345,1305442,1.833,X,,,,,0,8755.92,,0,0,0,,N,,15000000,S2,,,,,,,,,,,0,,,,0,,,,,WF,S,20171012,20171113,N,,,,,,,0,JPMBB13C17,,,,,
JPMBB13C17,,301410020,20,20171117,13840064.99,13821362.02,20171101,,0.0512,20240101,0.000113,,,,,0.000005,0.051082,,,,,61019.31,18702.97,79722.28,,0,,,,,,0,,0,13821362.02,0,0,0,0,N,,,,,,,,,,,2640059,948057,1692002,956667,1.7686,1,20161231,2538372,871188,1667184,956667,1.7427,1,20151231,2044366,728572,1315794,717500,1.8338,1,20170101,20170930,20131111,19940000,,,,,,,YN,,20131230,20131230,1,,,,CREFC,,1673002,1.7487,1648184,1.7228,1301544,1.8139,N,,,,,0,78779.82,,0,0,0,,N,,14650000,N,,,,,,,,,,,0,,,,0,,,,,WF,S,20171012,20171113,N,,,,,,,0,JPMBB13C17,,,,,
JPMBB13C17,,883100182,22,20171117,13014918.27,12997112.89,20171106,,0.05087,20231206,0.000113,,,,,0.000005,0.050752,,,,,57011.49,17805.38,74816.87,,0,,,,,,0,,0,12997112.89,0,0,0,0,N,,,,,,,,,,,3281482,1635900,1645582,897802,1.8329,0.97,20161231,3137581,1654697,1482884,897802,1.6516,0.91,20151231,1633718.09,784996.1,848721.99,448901,1.8906,0.85,20170101,20170630,20131008,18500000,,,,,,,YN,,20131230,20131230,1,,,,CREFC,,1369084,1.5249,1206386,1.3437,710473.99,1.5826,N,,,,,0,187543.34,,0,0,0,,N,,13800000,S2,,,,,,,,,,,0,,,,0,,,,,WF,S,20171012,20171113,N,,,,,,,0,JPMBB13C17,,,,,
JPMBB13C17,,883100173,23,20171117,12857945.08,12841474.42,20171106,,0.05442,20231106,0.000113,,,,,0.000005,0.054302,,,,,60254.47,16470.66,76725.13,,0,,,,,,0,,0,12841474.42,0,0,0,0,N,,,,,,,,,,,3358895,1498283,1860612,920701,2.0208,0.94,20161231,3183284,1399798,1783486,920701,1.937,0.98,20151231,1719777,728238,991539,460350,2.1538,0.92,20170101,20170630,20131030,23200000,,,,,,,YN,,20131230,20131230,1,,,,CREFC,,1769137,1.9215,1692011,1.8377,945802,2.0545,N,,,,,0,407672.84,,0,0,0,,N,,13600000,S1,,,,,,,,,,,0,,,,0,,,,,WF,S,20171012,20171113,N,,,,,,,0,JPMBB13C17,,,,,
JPMBB13C17,,301410024,24,20171117,12243872.82,12227066.49,20171101,,0.051024,20231101,0.000113,,,,,0.000005,0.050906,,,,,53796.31,16806.33,70602.64,,0,,,,,,0,,0,12227066.49,0,0,0,0,N,,,,,,,,,,,3393887,1629798,1764089,847231,2.0821,0.8,20161231,3222935,1665309,1557626,847231,1.8384,0.78,20151231,3569933,1665076,1904857,847232,2.2483,0.87,20160701,20170630,20130924,18100000,,,,,,,TN,,20131230,20131230,1,,,,CREFC,,1440290,1.6999,1233827,1.4563,1581058,1.8661,N,,,,,8.49,382307.04,,0,0,0,,N,,13000000,H,,,,,,,,,,,0,,,,0,,,,,WF,S,20171012,20171113,N,,,,,,,0,JPMBB13C17,,,,,
JPMBB13C17,,301410026,26,20171117,11128760.82,11113537.37,20171101,,0.050875,20231201,0.000113,,,,,0.000005,0.050757,,,,,48754.02,15223.45,63977.47,,0,,,,,,0,,0,11113537.37,0,0,0,0,N,,,,,,,,,,,4936329,2898387,2037942,767730,2.6545,0.82,20161231,4514436,3089894,1424542,767730,1.8555,0.79,20151231,5345728,3028258,2317470,767730,3.0186,0.84,20161001,20170930,20131001,19000000,,,,,,,TN,,20131230,20131230,1,,,,CREFC,,1886048,2.4566,1272648,1.6576,2165576,2.8207,X,,,,,0,667821.99,,0,0,0,,N,,11800000,S1,,,,,,,,,,,0,,,,0,,,,,WF,S,20171012,20171113,N,,,,,,,0,JPMBB13C17,,,,,
JPMBB13C17,,883100157,25,20171117,11048763.34,0,20171106,,0.0556,20231006,0.000113,0.0025,,,,0.000005,0.052982,,,,,52899.02,21222.08,74121.1,,6216778.39,,20171020,,,6,0,,0,0,0,0,0,0,N,,,,7901866.28,1663865.81,4810762.87,,,,,11120001,9729149,1390852,889453,1.5637,0.55,20151231,11075163,9491486,1583677,889453,1.7805,0.54,20141228,10742404,9536379,1206025,889453,1.3559,0.53,20151001,20160925,20130816,21600000,0,20170323,,,,,TN,,20131230,20131230,1,,,,CREFC,,930156,1.0457,1122981,1.2625,745329,0.8379,N,0,,,,0,0,,0,0,0,,N,,12000000,S2,7901866.28,1591014.36,20000,52851.45,0,,,0,,,0,,,H,,,,,,WF,S,20171012,20171113,N,N,,,,0,,0,JPMBB13C17,,,,0,0
JPMBB13C17,,301410027,27,20171117,10882610.4,10866012.36,20171101,,0.04563,20181101,0.000113,,,,,0.000005,0.045512,,,,,42760.5,16598.04,59358.54,,0,,,,,,0,,0,10866012.36,0,0,0,0,N,,,,,,,,,,,3177369,1718871,1458498,712302,2.0475,0.83,20161231,3456625,1734502,1722123,712302,2.4176,0.89,20151231,1618673,963992,654681,356151,1.8382,0.83,20170101,20170630,20130619,15700000,,,,,,,YN,,20131230,20131230,1,,,,CREFC,,1306392,1.834,1570017,2.2041,578628,1.6246,N,,,,,10.09,661420.41,,0,0,0,,N,,11629000,SH,,,,,,,,,,,0,,,,0,,,,,WF,S,20171012,20171113,N,,,,,,,0,JPMBB13C17,,,,,
JPMBB13C17,,301410028,28,20171117,10822666.67,10807298.74,20171101,,0.049,20231201,0.000113,,,,,0.000005,0.048882,,,,,45665.64,15367.93,61033.57,,0,,,,,,0,,0,10807298.74,0,0,0,0,N,,,,,,,,,,,1293892,225919,1067973,732402,1.4581,1,20161231,1257048,213967,1043081,732402,1.4241,1,20151231,995329,166513,828816,549301,1.5088,1,20170101,20170930,20130924,17080000,,,,,,,YN,,20131230,20131230,1,,,,CREFC,,1009110,1.3778,984218,1.3438,784669,1.4284,N,,,,,38.01,250760.92,,0,0,0,,N,,11500000,S1,,,,,,,,,,,0,,,,0,,,,,WF,S,20171012,20171113,N,,,,,,,0,JPMBB13C17,,,,,
JPMBB13C17,,301410029,29,20171117,10567936.05,10553602.91,20171105,,0.0513,20231205,0.000113,,,,,0.000005,0.051182,,,,,46683.86,14333.14,61017,,0,,,,,,0,,0,10553602.91,0,0,0,0,N,,,,,,,,,,,3496016,2565690,930326,732204,1.2705,0.67,20161231,3758424,2483187,1275237,732204,1.7416,0.71,20151231,2587297,1860979,726318,549153,1.3226,0.68,20170101,20170930,20131031,16500000,,,,,,,YN,,20131230,20131230,1,,,,CREFC,,780117,1.0654,1125028,1.5364,622826,1.1341,N,,,,,0,107518.07,20161011,0,0,0,,N,,11200000,S2,,,,,,,,,,,0,,,,0,,,,,WF,S,20171012,20171113,N,,,,,,,0,JPMBB13C17,,,,,
JPMBB13C17,,301410010,10,20171117,9875585.44,9864396.32,20171101,,0.05,20231101,0.000588,,,,,0.000005,0.049407,,,,,42519.88,11189.12,53709,,0,,,,,,0,,0,9864396.32,0,0,0,0,N,,,,,,,,,,,3360973,1678875,1682098,520609,3.231,0.96,20161231,3101479,1620281,1481198,507198,2.9203,0.96,20151231,1833109,834968.89,998140.11,322254.79,3.0973,0.95,20170101,20170630,20130918,17300000,,,,,,,YN,,20131230,20131230,1,,,,CREFC,,1530215,2.9392,1329315,2.6208,922198.07,2.8617,X,,,,,50.84,90755.01,,0,0,0,,N,,10005000,S1,,,,,,,,,,,0,,,,0,,,,,WF,S,20171012,20171113,N,,,,,,,0,JPMBB13C17,,,,,
JPMBB13C17,,301410030,30,20171117,9860191.95,9845964.31,20171105,,0.0485,20231105,0.000413,,,,,0.000005,0.048082,,,,,41180,14227.64,55407.64,,0,,,,,,0,,0,9845964.31,0,0,0,0,N,,,,,,,,,,,2105601.15,966778.7,1138822.45,664891.68,1.7127,0.97,20161231,2071835,877790,1194045,664892,1.7958,0.9,20151231,1114059.59,477307.47,636752.12,332446.84,1.9153,0.94,20170101,20170630,20131009,14500000,,,,,,,YN,,20131230,20131230,1,,,,CREFC,20150720,1080822.45,1.6255,1136045,1.7086,607752.12,1.8281,X,,,,,36.53,18710.81,,0,0,0,,N,,10500000,S2,,,,,,,,,,,0,,,,0,,,,,WF,S,20171012,20171113,N,,,,,,,0,JPMBB13C17,,,,,
JPMBB13C17,,301410033,33,20171117,9504635.85,9493657.19,20171101,,0.052,20231201,0.000113,,,,,0.000005,0.051882,,,,,42559.65,10978.66,53538.31,,0,,,,,,0,,0,9493657.19,0,0,0,0,N,,,,,,,,,,,1645215.12,628461.19,1016753.93,642459,1.5825,0.93,20161231,1553733,549707,1004026,514041,1.9532,0.93,20151231,818915.57,341983.04,476932.53,321229,1.4847,0.98,20170101,20170630,20130822,13000000,,,,,,,YN,,20131230,20131230,1,,,,CREFC,,977493.93,1.5214,964766,1.8768,457302.53,1.4236,N,,,,,3.56,8143.89,,0,0,0,,N,,9750000,S2,,,,,,,,,,,0,,,,0,,,,,WF,S,20171012,20171113,N,,,,,,,0,JPMBB13C17,,,,,
JPMBB13C17,,883100186,32,20171117,9356140.96,9343814.54,20171106,,0.05273,20231206,0.000113,,,,,0.000005,0.052612,,,,,42482.86,12326.42,54809.28,,0,,,,,,0,,0,9343814.55,0,0,0,0,N,,,,,,,,,,,1428456,612608,815848,657711,1.2404,0.79,20161231,1495034,639352,855682,657711,1.3009,0.79,20151231,710458,257129,453329,328855,1.3785,0.77,20170101,20170630,20131025,13200000,,,,,,,YN,,20131230,20131230,1,,,,CREFC,,695690,1.0577,735524,1.1183,393250,1.1958,N,,,,,0,23444.8,,0,0,0,,N,,9900000,S1,,,,,,,,,,,0,,,,0,,,,,WF,S,20171012,20171113,N,,,,,,,0,JPMBB13C17,,,,,
JPMBB13C17,,301410031,31,20171117,9308375.19,9288236.77,20171101,,0.04722,20200731,0.000113,,,,,0.000005,0.047102,,,,,37849.4,20138.42,57987.82,,0,,,,,,0,,0,9288236.77,0,0,0,0,N,,,,,,,,,,,2404072,926933,1477139,695853,2.1227,0.94,20161231,2350520,867472,1483048,695853,2.1312,0.97,20151231,2413966,952740,1461226,695853,2.0999,0.96,20160701,20170630,20130908,14040000,,,,,,20181101,TN,,20131230,20131230,1,,,,CREFC,,1289899,1.8536,1295808,1.8621,1273986,1.8308,N,,,,,81.58,122031.31,,0,0,0,,N,,10200000,H,,,,,,,,,,,0,,,,0,,,,,WF,S,20171012,20171113,N,,,,,,,0,JPMBB13C17,,,,,
JPMBB13C17,,301410011,11,20171117,9184639.92,9174233.65,20171101,,0.05,20231101,0.000588,,,,,0.000005,0.049407,,,,,39544.98,10406.27,49951.25,,0,,,,,,0,,0,9174233.65,0,0,0,0,N,,,,,,,,,,,2998594,1539770,1458824,484184,3.0129,0.95,20161231,2732988,1472307,1260681,471712,2.6725,0.96,20151231,1635343.75,723142.21,912201.54,299708.91,3.0436,0.97,20170101,20170630,20130918,17400000,,,,,,,YN,,20131230,20131230,1,,,,CREFC,,1337736,2.7628,1139593,2.4158,851657.46,2.8416,X,,,,,38.58,68742.12,,0,0,0,,N,,9305000,S1,,,,,,,,,,,0,,,,0,,,,,WF,S,20171012,20171113,N,,,,,,,0,JPMBB13C17,,,,,
JPMBB13C17,,301410035,35,20171117,8916695.76,8904602.16,20171105,,0.0513,20231205,0.000688,,,,,0.000005,0.050607,,,,,39389.5,12093.6,51483.1,,0,,,,,,0,,0,8904602.16,0,0,0,0,N,,,,,,,,,,,553289,248911,304378,617797,0.4926,0.39,20161231,983231,292315,690916,617797,1.1183,0.39,20151231,237823,141640,96183,308899,0.3113,0.39,20170101,20170630,20131022,12800000,,,,,,,YN,,20131230,20131230,1,,,,CREFC,,213386,0.3453,599924,0.971,50688,0.164,N,,,,,0,543469.16,20160311,0,0,0,,N,,9450000,N,,,,,,,,,,,0,,,,0,,,,,WF,S,20171012,20171113,N,,,,,,,0,JPMBB13C17,,,,,
JPMBB13C17,,883100170,34,20171117,8838950.4,8821686.29,20171106,,0.05408,20231106,0.000113,,,,,0.000005,0.053962,,,,,41162.01,17264.11,58426.12,,0,,,,,,0,,0,8821686.29,0,0,0,0,N,,,,,,,,,,,,,,,,,,2349361,1167004,1182357,701113,1.6864,0.7,20151231,535986,265972,270014,175278,1.5404,0.77,20170101,20170330,20130717,15000000,,,,,,,YN,,20131230,20131230,1,,,,CREFC,,,,987039,1.4078,221185,1.2619,N,,,,,0,29062.85,,0,0,0,,N,,9600000,S1,,,,,,,,,,,0,,,,0,,,,,WF,S,20171012,20171113,N,,,,,,,0,JPMBB13C17,,,,,
JPMBB13C17,,301410012,12,20171117,8824361.2,8814363.13,20171101,,0.05,20231101,0.000588,,,,,0.000005,0.049407,,,,,37993.78,9998.07,47991.85,,0,,,,,,0,,0,8814363.13,0,0,0,0,N,,,,,,,,,,,2857043,1392293,1464750,465191,3.1487,0.97,20161231,2569474,1385898,1183576,453208,2.6115,0.94,20151231,1534610.62,666154.19,868456.43,287951.84,3.0159,0.96,20170101,20170630,20130918,15200000,,,,,,,YN,,20131230,20131230,1,,,,CREFC,,1365831,2.936,1084657,2.3932,818996.48,2.8442,X,,,,,35.31,62896.41,,0,0,0,,N,,8940000,S1,,,,,,,,,,,0,,,,0,,,,,WF,S,20171012,20171113,N,,,,,,,0,JPMBB13C17,,,,,
JPMBB13C17,,301410038,38,20171117,8762463.4,8751794.68,20171105,,0.0496,20231205,0.000313,,,,,0.000005,0.049282,,,,,37425.45,10668.72,48094.17,,0,,,,,,0,,0,8751794.68,0,0,0,0,N,,,,,,,,,,,942186,147554,794632,577130,1.3768,0.86,20161231,925309,147469,777840,452600,1.7186,0.86,20151231,473019,75397,397622,288565,1.3779,0.86,20170101,20170630,20131125,12200000,,,,,,,YN,,20131230,20131230,1,,,,CREFC,,784309,1.3589,767517,1.6957,392461,1.36,N,,,,,2.83,30989.29,,0,0,0,,N,,9000000,S2,,,,,,,,,,,0,,,,0,,,,,WF,S,20171012,20171113,N,,,,,,,0,JPMBB13C17,,,,,
JPMBB13C17,,301410039,39,20171117,8700000,8700000,20171101,,0.0506,20231001,0.000113,,,,,0.000005,0.050482,,,,,37907.83,0,37907.83,,0,,,,,,0,,0,8700000,0,0,0,0,N,,,,,,,,,,,1427954,890075,537879,447557,1.2018,0.62,20161231,1782888,823225,959663,446335,2.15,0.89,20151231,909537,449503,460034,222556,2.067,0.9,20170101,20170630,20130910,14600000,,,,,,,YN,,20131230,20131230,1,,,,CREFC,,508879,1.137,930663,2.0851,445534,2.0018,X,,,,,0,37306.78,,0,0,0,,N,,8700000,S2,,,,,,,,,,,0,,,,0,,,,,WF,S,20171012,20171113,N,,,,,,,0,JPMBB13C17,,,,,
JPMBB13C17,,883100184,41,20171117,8115077.27,8105682.83,20171006,,0.0519,20231206,0.000113,,,,,0.000005,0.051782,,,,,36267.63,9394.44,45662.07,,0,,,,,,0,,0,8115077.27,45627.13,0,0,B,N,,,,,,,,,,,1050878,233979,816899,547946,1.4908,0.79,20161231,1068096,222636,845460,438069,1.9299,0.83,20151231,,,,,,,,,,11100000,,,,,,,,,20131230,20131230,3,,,,CREFC,,797499,1.4554,826060,1.8856,,,N,,,,,0,19722.92,,0,0,0,,N,,8325000,S2,,,,,,,,,,,0,,,,0,,,,,WF,S,20171012,20171113,N,,,,,,,0,JPMBB13C17,,,,,
JPMBB13C17,,883100169,40,20171117,8066686.15,8055272.93,20171106,,0.0495,20231106,0.000613,,,,,0.000005,0.048882,,,,,34384.25,11413.22,45797.47,,0,,,,,,0,,0,8055272.94,0,0,0,0,N,,,,,,,,,,,1264555,612302,652253,549569,1.1868,0.8,20161231,1327414,582526,744888,549569,1.3554,0.96,20151231,,,,,,,,,20130827,11630000,,,,,,,,,20131230,20131230,1,,,,CREFC,,626224,1.1394,718859,1.308,,,N,,,,,0,52240.32,,0,0,0,,N,,8580000,S2,,,,,,,,,,,0,,,,0,,,,,WF,S,20171012,20171113,N,,,,,,,0,JPMBB13C17,,,,,
JPMBB13C17,,301410042,42,20171117,7741560,7731165.82,20171105,,0.0518,20231205,0.000488,,,,,0.000005,0.051307,,,,,34531.66,10394.18,44925.84,,0,,,,,,0,,0,7731165.82,0,0,0,0,N,,,,,,,,,,,1404849,409444,995405,539110,1.8463,1,20161231,1338974,388308,950666,539110,1.7633,0.92,20151231,1104985,292010,812975,404333,2.0106,1,20170101,20170930,20131022,11400000,,,,,,,YN,,20131230,20131230,1,,,,CREFC,,931029,1.7269,886290,1.6439,764684,1.8912,N,,,,,0,91177.39,,0,0,0,,N,,8200000,N,,,,,,,,,,,0,,,,0,,,,,WF,S,20171012,20171113,N,,,,,,,0,JPMBB13C17,,,,,
JPMBB13C17,,883100167,43,20171117,7594632.61,7584883.01,20171106,,0.049,20180806,0.000513,,,,,0.000005,0.048482,,,,,32045.13,9749.6,41794.73,,0,,,,,,0,,0,7584883.02,0,0,0,0,N,,,,,,,,,,,,,,,,,,,,,,,,,,,,,,,,,,,,,,,,,,,20131230,20170711,,,,,,,,,,,,,F,,,,,0,,,0,0,0,,N,,7875000,,,,,,,,,,,,0,,,,0,,,,,WF,S,20171012,20171113,N,,,,,,,0,JPMBB13C17,,,,,
JPMBB13C17,,301410045,45,20171117,7070370.3,7060625.47,20171105,,0.0505,20231205,0.000713,,,,,0.000005,0.049782,,,,,30746.29,9744.83,40491.12,,0,,,,,,0,,0,7060625.47,0,0,0,0,N,,,,,,,,,,,822802,339992,482810,485893,0.9936,1,20161231,1095094,362954,732140,485893,1.5067,1,20151231,894037,297065,596972,364419,1.6381,1,20170101,20170930,20131104,10500000,,,,,,,YN,,20131230,20131230,1,,,,CREFC,,412490,0.8489,661820,1.362,544232,1.4934,N,,,,,0.12,590117.74,,0,0,0,,N,,7500000,N,,,,,,,,,,,0,,,,0,,,,,WF,S,20171012,20171113,N,,,,,,,0,JPMBB13C17,,,,,
JPMBB13C17,,883100187,44,20171117,6782711.71,6761234.23,20171206,,0.05086,20231206,0.000113,,,,,0.000005,0.050742,,,,,29705.64,21477.48,51183.12,,0,,,,,,0,,0,6738707.47,0,0,0,0,N,,,,,,,,,,,968954,177071,791883,614197,1.2892,1,20161231,951905,168371,783534,614197,1.2757,1,20151228,778375,135510,642865,460647,1.3955,1,20170101,20170930,20131010,11850000,,,,,,,YN,,20131230,20131230,1,,,,CREFC,20150224,749889,1.2209,741540,1.2073,611371,1.3272,N,,,,,0,102515.43,,0,0,0,,N,,7700000,S2,,,,,,,,,,,0,,,,0,,,,,WF,S,20171012,20171113,N,,,,,,,0,JPMBB13C17,,,,,
JPMBB13C17,,301410046,46,20171117,6761771.33,6752196.29,20171101,,0.04974,20231001,0.000113,,,,,0.000005,0.049622,,,,,28961.79,9575.04,38536.83,,0,,,,,,0,,0,6752196.29,0,0,0,0,N,,,,,,,,,,,2657417,1422453,1234964,462441,2.6705,0.6,20161231,2666900,1393083,1273817,462441,2.7545,0.61,20151231,2090704,1101828,988876,346830,2.8511,0.62,20170101,20170930,20130701,12750000,,,,,,,YN,,20131230,20131230,1,,,,CREFC,,1146659,2.4795,1185512,2.5635,922648,2.6602,X,,,,,49.33,300978.96,,0,0,0,,N,,7200000,N,,,,,,,,,,,0,,,,0,,,,,WF,S,20171012,20171113,N,,,,,,,0,JPMBB13C17,,,,,
JPMBB13C17,,301410047,47,20171117,6698565.38,6689461.87,20171101,,0.0512,20231201,0.000113,,,,,0.000005,0.051082,,,,,29533.23,9103.51,38636.74,,0,,,,,,0,,0,6689461.87,0,0,0,0,N,,,,,,,,,,,1332953,509319,823634,463641,1.7764,0.88,20161231,1306821,555490,751331,463641,1.6205,0.86,20151231,1045567,343088,702479,347731,2.0201,0.86,20170101,20170930,20130620,12100000,,,,,,,YN,,20131230,20131230,1,,,,CREFC,,805742,1.7378,733439,1.5819,689060,1.9815,N,,,,,0,156277,,0,0,0,,N,,7100000,S2,,,,,,,,,,,0,,,,0,,,,,WF,S,20171012,20171113,N,,,,,,,0,JPMBB13C17,,,,,
JPMBB13C17,,301410048,48,20171117,6602875.33,6594205.45,20171101,,0.0535,20231001,0.000113,,,,,0.000005,0.053382,,,,,30419.08,8669.88,39088.96,,0,,,,,,0,,0,6594205.45,0,0,0,0,N,,,,,,,,,,,1498257,338885,1159372,469067,2.4716,1,20161231,1387491,354431,1033060,469067,2.2023,1,20151231,669728,178738.14,490989.86,234532.84,2.0934,1,20170101,20170630,20130409,10900000,,,,,,,YN,,20131230,20131230,1,,,,CREFC,,1128372,2.4055,1002060,2.1362,475489.86,2.0273,N,,,,,4.52,126686.24,,0,0,0,,N,,7000000,S2,,,,,,,,,,,0,,,,0,,,,,WF,S,20171012,20171113,N,,,,,,,0,JPMBB13C17,,,,,
JPMBB13C17,,301410049,49,20171117,6452913.04,6442971.34,20171101,,0.0451,20181101,0.000113,,,,,0.000005,0.044982,,,,,25060.6,9941.7,35002.3,,0,,,,,,0,,0,6442971.34,0,0,0,0,N,,,,,,,,,,,1272947.66,655214.35,617733.31,420027.44,1.4706,0.94,20161231,1132661,654562,478099,420028,1.1382,0.92,20151231,985878,477159,508719,315020,1.6148,0.93,20170101,20170930,20130723,9600000,,,,,,,YN,,20131230,20131230,1,,,,CREFC,,580811.81,1.3827,441178,1.0503,481028,1.5269,X,,,,,12.46,38155.87,,0,0,0,,N,,6900000,SF,,,,,,,,,,,0,,,,0,,,,,WF,S,20171012,20171113,N,,,,,,,0,JPMBB13C17,,,,,
JPMBB13C17,,301410050,50,20171117,5284930.08,5277931.36,20171101,,0.0528,20231101,0.000113,,,,,0.000005,0.052682,,,,,24028.82,6998.72,31027.54,,0,,,,,,0,,0,5277931.36,0,0,0,0,N,,,,,,,,,,,961178,306996,654182,372330,1.7569,1,20161231,925243,282036,643207,372330,1.7275,0.98,20151231,786413,205590,580823,279247,2.0799,1,20170101,20170930,20130827,7200000,,,,,,,YN,,20131230,20131230,1,,,,CREFC,,629382,1.6903,618407,1.6609,562223,2.0133,N,,,,,0.05,26866.71,,0,0,0,,N,,5600000,S2,,,,,,,,,,,0,,,,0,,,,,WF,S,20171012,20171113,N,,,,,,,0,JPMBB13C17,,,,,
JPMBB13C17,,883100155,36,20171117,5011302.6,5001695.07,20171106,,0.0562,20230906,0.000113,,,,,0.000005,0.056082,,,,,24251.92,9607.53,33859.45,,0,,,,,,0,,0,5001695.07,0,0,0,0,N,,,,,,,,,,,1936150,1084000,852150,406313,2.0972,0.98,20161231,1877232,1084674,792558,406313,1.9506,0.98,20151231,939240,561143,378097,203157,1.8611,0.94,20170101,20170630,20130814,8300000,,,,,,,YN,,20131230,20131230,1,,,,CREFC,,757750,1.8649,698158,1.7182,330897,1.6287,N,,,,,0,517847.86,20171113,0,0,0,,N,,5450000,S1,,,,,,,,,,,0,,,,0,,,,,WF,S,20171012,20171113,N,,,,,,,0,JPMBB13C17,,,,,
JPMBB13C17,,301410051,51,20171117,4858060.69,4851574.74,20171101,,0.0524,20231101,0.000113,,,,,0.000005,0.052282,,,,,21920.65,6485.95,28406.6,,0,,,,,,0,,0,4851574.74,0,0,0,0,N,,,,,,,,,,,709966,261052,448914,340879,1.3169,1,20161231,680565,229359,451206,340879,1.3236,1,20150930,368525,117389,251136,170439,1.4734,1,20170101,20170630,20130829,8300000,,,,,,,YN,,20131230,20131230,1,,,,CREFC,,435572,1.2777,437864,1.2845,244465,1.4343,N,,,,,0,1968,,0,0,0,,N,,5150000,S2,,,,,,,,,,,0,,,,0,,,,,WF,S,20171012,20171113,N,,,,,,,0,JPMBB13C17,,,,,
JPMBB13C17,,883100166,52,20171117,4846098.86,4839877.68,20171106,,0.049,20180806,0.000513,,,,,0.000005,0.048482,,,,,20447.84,6221.18,26669.02,,0,,,,,,0,,0,4839877.68,0,0,0,0,N,,,,,,,,,,,,,,,,,,,,,,,,,,,,,,,,,,,,,,,,,,,20131230,20170711,,,,,,,,,,,,,F,,,,,0,,,0,0,0,,N,,5025000,,,,,,,,,,,,0,,,,0,,,,,WF,S,20171012,20171113,N,,,,,,,0,JPMBB13C17,,,,,
JPMBB13C17,,301410053,53,20171117,4536160.91,4530180.99,20171105,,0.0527,20231205,0.000788,,,,,0.000005,0.051907,,,,,20585.35,5979.92,26565.27,,0,,,,,,0,,0,4530180.99,0,0,0,0,N,,,,,,,,,,,786810,282642,504168,318783,1.5815,1,20161231,,,,,,,,832111,288216,543895,318783,1.7061,1,20160701,20170630,20131007,6910000,,,,,,,TN,,20131230,20131230,1,,,,CREFC,,495768,1.5551,,,535495,1.6798,N,,,,,0,15856.42,,0,0,0,,N,,4800000,N,,,,,,,,,,,0,,,,0,,,,,WF,S,20171012,20171113,N,,,,,,,0,JPMBB13C17,,,,,
JPMBB13C17,,883100183,54,20171117,4060501.26,4055071.51,20171106,,0.052,20231206,0.000113,,,,,0.000005,0.051882,,,,,18182.02,5429.75,23611.77,,0,,,,,,0,,0,4055071.51,0,0,0,0,N,,,,,,,,,,,1192735,367296,825439,283341,2.9132,0.85,20161231,1053063,334313,718750,283341,2.5366,0.88,20151231,880535,273788,606747,212506,2.8551,0.86,20170101,20170930,20131009,7700000,,,,,,,YN,,20131230,20131230,1,,,,CREFC,,819168,2.8911,712479,2.5145,602044,2.833,N,,,,,0,24579.69,,0,0,0,,N,,4300000,S1,,,,,,,,,,,0,,,,0,,,,,WF,S,20171012,20171113,N,,,,,,,0,JPMBB13C17,,,,,
JPMBB13C17,,301410055,55,20171117,3949469.82,3944416.56,20171101,,0.0526,20231101,0.000113,,,,,0.000005,0.052482,,,,,17888.9,5053.26,22942.16,,0,,,,,,0,,0,3944416.56,0,32341.68,0,0,N,,,,,,,,,,,1098818,385626,713192,275306,2.5905,0.9,20161231,861942,342038,519904,275306,1.8884,0.9,20151231,1058681,354799,703882,206479,3.4089,0.96,20170101,20170930,20130809,5700000,,,,,,,YN,,20131230,20131230,1,,,,CREFC,20160502,702315,2.551,509027,1.8489,695725,3.3694,N,,,,,26.36,43956,,0,0,0,,N,,4150000,N,,,,,,,,,,,0,,,,0,,,,,WF,S,20171012,20171113,N,,,,,,,0,JPMBB13C17,,,,,
JPMBB13C17,,883100168,56,20171117,3920277.04,3915244.39,20171106,,0.049,20180806,0.000513,,,,,0.000005,0.048482,,,,,16541.39,5032.65,21574.04,,0,,,,,,0,,0,3915244.39,0,0,0,0,N,,,,,,,,,,,,,,,,,,,,,,,,,,,,,,,,,,,,,,,,,,,20131230,20170728,,,,,,,,,,,,,F,,,,,0,,,0,0,0,,N,,4065000,,,,,,,,,,,,0,,,,0,,,,,WF,S,20171012,20171113,N,,,,,,,0,JPMBB13C17,,,,,
JPMBB13C17,,301410057,57,20171117,3501587.09,3497092.83,20171101,,0.054,20231201,0.000113,,,,,0.000005,0.053882,,,,,16282.38,4494.26,20776.64,,0,,,,,,0,,0,3497092.83,0,0,0,0,N,,,,,,,,,,,705422,243160,462262,249319,1.854,0.91,20161231,688036,231812,456224,249319,1.8298,0.87,20151231,558715,176608,382107,186990,2.0434,0.91,20170101,20170930,20131015,6150000,,,,,,,YN,,20131230,20131230,1,,,,CREFC,,416737,1.6715,410699,1.6472,347963,1.8608,N,,,,,2.45,116400.77,,0,0,0,,N,,3700000,S2,,,,,,,,,,,0,,,,0,,,,,WF,S,20171012,20171113,N,,,,,,,0,JPMBB13C17,,,,,
JPMBB13C17,,883100154,37,20171117,3402168.77,3395646.23,20171106,,0.0562,20230906,0.000113,,,,,0.000005,0.056082,,,,,16464.61,6522.54,22987.15,,0,,,,,,0,,0,3395646.23,0,0,0,0,N,,,,,,,,,,,1368145,876769,491376,275846,1.7813,0.98,20161231,1380826,903144,477682,275846,1.7316,0.98,20151231,688151,479181,208970,137923,1.5151,0.95,20170101,20170630,20130814,5800000,,,,,,,YN,,20131230,20131230,1,,,,CREFC,,419376,1.5203,405682,1.4706,172970,1.2541,N,,,,,0,1200248.12,20171113,0,0,0,,N,,3700000,S1,,,,,,,,,,,0,,,,0,,,,,WF,S,20171012,20171113,N,,,,,,,0,JPMBB13C17,,,,,
JPMBB13C17,,883100149,58,20171117,3169952.46,3163821.33,20171106,,0.055625,20230906,0.000113,,,,,0.000005,0.055507,,,,,15183.85,6131.13,21314.98,,0,,,,,,0,,0,3163821.32,0,0,0,0,N,,,,,,,,,,,1047061,568696,478365,255780,1.8702,0.94,20161231,1024268,598386,425882,255780,1.665,0.99,20151231,520819,334193,186626,127890,1.4592,0.85,20170101,20170630,20130725,5300000,,,,,,,YN,,20131230,20131230,1,,,,CREFC,,420765,1.645,368282,1.4398,157826,1.234,N,,,,,0,240494.96,20150911,0,0,0,,N,,3450000,S1,,,,,,,,,,,0,,,,0,,,,,WF,S,20171012,20171113,N,,,,,,,0,JPMBB13C17,,,,,
JPMBB13C17,,301410060,60,20171117,3124385.38,3120408.39,20171101,,0.0544,20231201,0.000113,,,,,0.000005,0.054282,,,,,14636.01,3976.99,18613,,0,,,,,,0,,0,3120408.39,0,0,0,0,N,,,,,,,,,,,624894,282455,342439,223356,1.5331,0.98,20161231,667011,264807,402204,223356,1.8007,0.89,20151231,338064.42,125558.65,212505.77,111678,1.9028,0.9,20170101,20170630,20131004,4500000,,,,,,,YN,,20131230,20131230,1,,,,CREFC,,308039,1.3791,367804,1.6467,195305.11,1.7488,N,,,,,0,70084.84,,0,0,0,,N,,3300000,S2,,,,,,,,,,,0,,,,0,,,,,WF,S,20171012,20171113,N,,,,,,,0,JPMBB13C17,,,,,
JPMBB13C17,,883100163,59,20171117,3088704.58,3082871.76,20171106,,0.0567,20231006,0.000113,,,,,0.000005,0.056582,,,,,15080.6,5832.82,20913.42,,0,,,,,,0,,0,3082871.77,0,0,0,0,N,,,,,,,,,,,2485543,1706667,778876,250961,3.1035,0.79,20161231,2359355,1481591,877764,250961,3.4976,0.78,20151231,1221370,855614,365756,125480,2.9148,0.79,20170101,20170630,20130726,6500000,,,,,,,YN,,20131230,20131230,1,,,,CREFC,,708575,2.8234,807463,3.2174,330606,2.6347,N,,,,,0,253208.24,,0,0,0,,N,,3350000,S2,,,,,,,,,,,0,,,,0,,,,,WF,S,20171012,20171113,N,,,,,,,0,JPMBB13C17,,,,,
JPMBB13C17,,883100165,61,20171117,2777989.7,2774020.33,20171106,,0.049,20181106,0.000113,,,,,0.000005,0.048882,,,,,11721.57,3969.37,15690.94,,0,,,,,,0,,0,2774020.33,0,0,0,0,N,,,,,,,,,,,642532,255193,387339,188291,2.0571,0.92,20161231,614569,206635,407934,188291,2.1665,0.89,20151231,679849,256493,423356,188291,2.2484,0.94,20161001,20170930,20130730,4050000,,,,,,,TN,,20131230,20131230,1,,,,CREFC,20150507,379006,2.0128,399601,2.1222,415023,2.2041,N,,,,,0,0.9,,0,0,0,,N,,2956500,S2,,,,,,,,,,,0,,,,0,,,,,WF,S,20171012,20171113,N,,,,,,,0,JPMBB13C17,,,,,
JPMBB13C17,,301410062,62,20171117,2621789.93,2617836.82,20171101,,0.0474,20230701,0.000113,,,,,0.000005,0.047282,,,,,10701.27,3953.11,14654.38,,0,,,,,,0,,0,2617836.82,0,0,0,0,N,,,,,,,,,,,942807.38,513857.85,428949.53,175852,2.4392,0.99,20161231,904939,542599,362340,175852,2.0604,0.97,20151231,489757.22,271834,217923.22,87926,2.4784,0.95,20170101,20170630,20130425,3780000,,,,,,,YN,,20131230,20131230,1,,,,CREFC,,401949.53,2.2857,335340,1.9069,204423.22,2.3249,N,,,,,56.55,14106.13,20151013,0,0,0,,N,,2812500,S2,,,,,,,,,,,0,,,,0,,,,,WF,S,20171012,20171113,N,,,,,,,0,JPMBB13C17,,,,,
JPMBB13C17,,301410063,63,20171117,2550568.7,2547308.11,20171101,,0.0548,20231001,0.000113,,,,,0.000005,0.054682,,,,,12035.85,3260.59,15296.44,,0,,,,,,0,,0,2547308.11,0,0,0,0,N,,,,,,,,,,,485739,113152,372587,183557,2.0298,1,20161231,443726,129881,313845,183557,1.7097,1,20151231,366084,85018,281066,137667,2.0416,1,20170101,20170930,20130617,3600000,,,,,,,YN,,20131230,20131230,1,,,,CREFC,,341389,1.8598,282647,1.5398,257668,1.8716,N,,,,,0,127393.63,,0,0,0,,N,,2700000,S1,,,,,,,,,,,0,,,,0,,,,,WF,S,20171012,20171113,N,,,,,,,0,JPMBB13C17,,,,,
JPMBB13C17,,301410064,64,20171117,1988672.7,1986151.86,20171101,,0.0546,20231201,0.000113,,,,,0.000005,0.054482,,,,,9350.08,2520.84,11870.92,,0,,,,,,0,,0,1986151.86,0,0,0,0,N,,,,,,,,,,,367149,98230,268919,142451,1.8878,1,20161231,367148,99376,267772,142451,1.8797,1,20151231,273347,75770,197577,106838,1.8493,1,20170101,20170930,20130626,2800000,,,,,,,YN,,20131230,20131230,1,,,,CREFC,,227751,1.5988,226604,1.5907,166701,1.5603,N,,,,,12.68,164441.49,,0,0,0,,N,,2100000,S2,,,,,,,,,,,0,,,,0,,,,,WF,S,20171012,20171113,N,,,,,,,0,JPMBB13C17,,,,,
JPMBB13C17,,883100181,14,20170817,0,0,,,,,,,,,,,,,,,,,,,,,,20170804,,,9,,,,,,,,,N,,,,,,,,,,,,,,,,,,,,,,,,,,,,,,,,,,,,,,,,,,,,,,,,,,,,,,,,,,,,,,,,,0,,0,,,,,,,,,,,,,,,,,,,,,,,,,,,20171012,20171113,,,,,,,,,,,,,,
JPMBB13C17,,301410021,21,20161216,0,0,,,,,,,,,,,,,,,,,,,,,,20161205,,,9,,,,,,,,,N,,,,,,,,,,,,,,,,,,,,,,,,,,,,,,,,,,,,,,,,,,,,,,,,,,,,,,,,,,,,,,,,,0,,0,,,,,,,,,,,,,,,,,,,,,,,,,,,20171012,20171113,,,,,,,,,,,,,,
