JPMBB13C17,,301410001,1,20180517,111268268,111074593.6,20180501,,0.04366,20240101,0.000113,,,,,0.000005,0.043542,,,,,404831.05,193674.42,598505.47,,0,,,,,,0,,0,111074593.6,0,0,0,0,N,,,,,,,,,,,35743049,12326060,23416989,13167120,1.7784,0.95,20171231,34335056,11571783,22763273,13167120,1.7287,0.95,20161231,8854295,2931454,5922841,3291780,1.7992,0.9,20180101,20180331,20131115,366000000,,,,,,,YN,,20131230,20131230,1,,,,CREFC,,22517287,1.7101,21863571,1.6604,5697916,1.7309,X,,,,,0,4875357.28,,0,0,0,,N,,220000000,S2,,,,,,,,,,,0,,,,0,,,,,WF,S,20180412,20180511,N,,,,,,,0,JPMBB13C17
JPMBB13C17,,301410002,2,20180517,90538006.19,90409583.75,20180501,,0.049127,20231101,0.000213,,,,,0.000005,0.048909,,,,,370655.05,128422.44,499077.49,,0,,,,,,0,,0,90409583.75,0,0,0,0,N,,,,,,,,,,,12155465,2058703,10096762,5988930,1.6859,1,20171231,12141824,1963547,10178277,5988930,1.6995,1,20161231,3147006,531546,2615460,1497228,1.7468,1,20180101,20180331,,125500000,,,,,,,YN,,20131230,20131230,7,,,,CREFC,,9130354,1.5245,9211869,1.5381,2373862,1.5855,X,,,,,727.15,1547995.89,,0,0,0,,N,,93900000,H,,,,,,,,,,,0,,,,0,,,,,WF,S,20180412,20180511,N,,,,,,,0,JPMBB13C17
JPMBB13C17,,301171001,3,20180517,86728495.56,86603804.93,20180501,,0.0483334,20231101,0.000113,,,,,0.000005,0.0482154,,,,,349323.59,124690.63,474014.22,,0,,,,,,0,,0,86603804.93,0,0,0,0,N,,,,,,,,,,,22029196,9444376,12584820,14220426,0.8849,0.93,20171231,23100956,8232921,14868035,14220427,1.0455,0.95,20161231,5470004,2329314,3140690,3555106,0.8834,0.94,20180101,20180331,20130910,365000000,,,,,,,YN,,20131230,20131230,1,,,,CREFC,,12522820,0.8806,14806035,1.0411,3125190,0.879,X,,,,,0,,20170213,0,0,0,,N,,225000000,H,,,,,,,,,,,0,,,,0,,,,,WF,S,20180412,20180511,N,,,,,,,0,JPMC13C16
JPMBB13C17,,301410004,4,20180517,70586364.2,70486065.57,20180501,,0.0487,20231201,0.000113,,,,,0.000005,0.048582,,,,,286462.99,100298.63,386761.62,,0,,,,,,0,,0,70486065.57,0,0,0,0,N,,,,,,,,,,,16252465,5908745,10343720,4641139,2.2287,1,20171231,14732991,5783379,8949612,4641139,1.9283,0.98,20161231,4162101,1458196,2703905,1160284,2.3303,1,20180101,20180331,20131015,123000000,,,,,,,YN,,20131230,20131230,1,,,,CREFC,,8793794,1.8947,7399686,1.5943,2316424,1.9964,N,,,,,0,3165331.99,,0,0,0,,N,,73125000,H,,,,,,,,,,,0,,,,0,,,,,WF,S,20180412,20180511,N,,,,,,,0,JPMBB13C17
JPMBB13C17,,883100172,5,20180517,45201442.63,45134064.98,20180506,,0.049655,20231206,0.000113,,,,,0.000005,0.049537,,,,,187039.8,67377.65,254417.45,,0,,,,,,0,,0,45134064.98,0,0,0,0,N,,,,,,,,,,,14193744,7140508,7053236,3053009,2.3102,0.82,20171231,13790441,6933965,6856476,3053009,2.2458,0.82,20161231,2559154,1499065,1060089,763252,1.3889,0.67,20180101,20180331,20131023,73200000,,,,,,,YN,,20131230,20131230,1,,,,CREFC,,6485486,2.1242,6398372,2.0957,957723,1.2547,N,,,,,0,1007871.11,,0,0,0,,N,,47580000,S1,,,,,,,,,,,0,,,,0,,,,,WF,S,20180412,20180511,N,,,,,,,0,JPMBB13C17
JPMBB13C17,,883100164,6,20180517,45059480.51,44999864.21,20180506,,0.04955,20231106,0.000113,,,,,0.000005,0.049432,,,,,186058.1,59616.3,245674.4,,0,,,,,,0,,0,44999864.21,0,0,0,0,N,,,,,,,,,,,8098107,2401604,5696503,2948093,1.9322,0.99,20171231,7736939,2356535,5380404,2373022,2.2673,1,20161231,,,,,,,,,20130924,64600000,,,,,,,,,20131230,20131230,1,,,,CREFC,,5363535,1.8193,5047436,2.127,,,N,,,,,0,101170.97,,0,0,0,,N,,46000000,S2,,,,,,,,,,,0,,,,0,,,,,WF,S,20180412,20180511,N,,,,,,,0,JPMBB13C17
JPMBB13C17,,301410007,7,20180517,30361858.99,30321440.27,20180501,,0.0492,20231101,0.000413,,,,,0.000005,0.048782,,,,,124483.62,40418.72,164902.34,,0,,,,,,0,,0,30321440.27,0,0,0,0,N,,,,,,,,,,,4488138,977062,3511076,1978828,1.7743,1,20171231,3710260,845419,2864841,1588422,1.8035,1,20161231,,,,,,,,,20130918,51000000,,,,,,,,,20131230,20131230,1,,,,CREFC,,3373770,1.7049,2727535,1.7171,,,X,,,,,117.17,22938.42,,0,0,0,,N,,31000000,S1,,,,,,,,,,,0,,,,0,,,,,WF,S,20180412,20180511,N,,,,,,,0,JPMBB13C17
JPMBB13C17,,301410008,8,20180517,29429116.46,29390613.85,20180501,,0.049875,20231201,0.000313,,,,,0.000005,0.049557,,,,,122314.77,38502.61,160817.38,,0,,,,,,0,,0,29390613.85,0,0,0,0,N,,,,,,,,,,,5223798,2562839,2660959,1929809,1.3788,0.96,20171231,4752140,2320912,2431228,1521188,1.5982,0.89,20161231,,,,,,,,,20131009,39000000,,,,,,,,,20131230,20131230,1,,,,CREFC,,2384956,1.2358,2155225,1.4168,,,X,,,,,2106.21,1805422.96,,0,0,0,,N,,30000000,S2,,,,,,,,,,,0,,,,0,,,,,WF,S,20180412,20180511,N,,,,,,,0,JPMBB13C17
JPMBB13C17,,301410009,9,20180517,27916859.01,27871470.84,20180501,,0.048675,20231101,0.000113,,,,,0.000005,0.048557,,,,,113237.76,45388.17,158625.93,,0,,,,,,0,,0,27871470.84,0,0,0,0,N,,,,,,,,,,,5627921,2838788,2789133,1903511,1.4652,0.8,20161231,4215205,2182822,2032383,1903511,1.0677,0.77,20151231,2681582,1367034,1314548,951755,1.3811,0.67,20170101,20170630,20130918,43000000,,,,,,,YN,,20131230,20131230,1,,,,CREFC,20150410,2499159,1.3129,1742409,0.9153,1169560,1.2288,X,,,,,574.48,1450261.51,,0,0,0,,N,,30000000,SH,,,,,,,,,,,0,,,,0,,,,,WF,S,20180412,20180511,N,,,,,,,0,JPMBB13C17
JPMBB13C17,,301410013,13,20180517,25249684.08,25217205.22,20180501,,0.0474,20231201,0.000113,,,,,0.000005,0.047282,,,,,99736.25,32478.86,132215.11,,0,,,,,,0,,0,25217205.22,0,0,0,0,N,,,,,,,,,,,5880911,2446070,3434841,1219480,2.8166,0.94,20171231,4555870,1897065,2658805,1222821,2.1743,0.82,20161231,,,,,,,,,20131010,39600000,,,,,,,,,20131230,20131230,1,,,,CREFC,,2882517,2.3637,2106481,1.7226,,,N,,,,,0,291827.57,,0,0,0,,N,,25375000,SH,,,,,,,,,,,0,,,,0,,,,,WF,S,20180412,20180511,N,,,,,,,0,JPMBB13C17
JPMBB13C17,,883100162,15,20180517,23003960.49,22969761.1,20180506,,0.0485,20181006,0.000513,,,,,0.000005,0.047982,,,,,92974.34,34199.39,127173.73,,0,,,,,,0,,0,22969761.1,0,0,0,0,N,,,,,,,,,,,,,,,,,,,,,,,,,,,,,,,,,,,,,,,,,,,20131230,20171228,,,,,,20150721,,,,,,,F,,,,,0,,,0,0,0,,N,,24100000,,,,,,,,,,,,0,,,,0,,,,,WF,S,20180412,20180511,N,,,,,,,0,JPMBB13C17
JPMBB13C17,,883100180,16,20180517,20588401.38,20560735.49,20180506,,0.04836,20231206,0.000113,,,,,0.000005,0.048242,,,,,82971.26,27665.89,110637.15,,0,,,,,,0,,0,20560735.49,0,0,0,0,N,,,,,,,,,,,4048700,1591854,2456846,1327646,1.8505,0.87,20171231,4083391,1636155,2447236,1032486,2.3702,0.92,20161231,947843,424554,523289,331911,1.5765,0.83,20180101,20180331,20130916,30000000,,,,,,,YN,,20131230,20131230,1,,,,CREFC,,2221070,1.6729,2211460,2.1418,464347,1.399,X,,,,,0,71236.25,,0,0,0,,N,,21000000,S2,,,,,,,,,,,0,,,,0,,,,,WF,S,20180412,20180511,N,,,,,,,0,JPMBB13C17
JPMBB13C17,,883100171,17,20180517,16357791.54,16300933.34,20180506,,0.05121,20231106,0.000113,,,,,0.000005,0.051092,,,,,69806.88,56858.2,126665.08,,0,,,,,,0,,0,16300933.34,0,0,0,0,N,,,,,,,,,,,3162375,905070,2257305,1519980,1.485,0.87,20171231,3261680,933129,2328551,1519980,1.5319,0.98,20161231,,,,,,,,,20130614,28500000,,,,,,,,,20131230,20131230,1,,,,CREFC,,2011448,1.3233,2082694,1.3702,,,N,,,,,0,514190.8,,0,0,0,,N,,19000000,S1,,,,,,,,,,,0,,,,0,,,,,WF,S,20180412,20180511,N,,,,,,,0,JPMBB13C17
JPMBB13C17,,301410018,18,20180517,16000000,16000000,20180501,,0.0482,20231101,0.000113,,,,,0.000005,0.048082,,,,,64266.67,0,64266.67,,0,,,,,,0,,0,16000000,0,0,0,0,N,,,,,,,,,,,2695848,554554,2141294,784053,2.731,1,20161231,2714565,528468,2186097,781911,2.7958,1,20151231,3084747.86,625530.8,2459217.06,781911.23,3.1451,1,20160701,20170630,20130926,29000000,,,,,,,TN,,20131230,20131230,1,,,,CREFC,20140528,1987168,2.5344,2031971,2.5987,2305091.65,2.948,N,,,,,0,,,0,0,0,,N,,16000000,H,,,,,,,,,,,0,,,,0,,,,,WF,S,20180412,20180511,N,,,,,,,0,JPMBB13C17
JPMBB13C17,,301410019,19,20180517,14686868.23,14667066.01,20180501,,0.048475,20231101,0.000113,,,,,0.000005,0.048357,,,,,59328.83,19802.22,79131.05,,0,,,,,,0,,0,14667066.01,0,0,0,0,N,,,,,,,,,,,3692338,1864791,1827547,949573,1.9245,0.91,20171231,3617394,1831488,1785906,774299,2.3064,0.95,20161231,929834,479231,450603,237393,1.8981,0.93,20180101,20180331,20130822,22700000,,,,,,,YN,,20131230,20131230,1,,,,CREFC,,1722547,1.814,1680906,2.1708,424353,1.7875,X,,,,,0,26261.33,,0,0,0,,N,,15000000,S2,,,,,,,,,,,0,,,,0,,,,,WF,S,20180412,20180511,N,,,,,,,0,JPMBB13C17
JPMBB13C17,,301410020,20,20180517,13718704.36,13697515.22,20180501,,0.0512,20240101,0.000113,,,,,0.000005,0.051082,,,,,58533.14,21189.14,79722.28,,0,,,,,,0,,0,13697515.22,0,0,0,0,N,,,,,,,,,,,2724907,971626,1753281,956667,1.8326,1,20171231,2640059,948057,1692002,956667,1.7686,1,20161231,,,,,,,,,20131111,19940000,,,,,,,,,20131230,20131230,1,,,,CREFC,,1734281,1.8128,1673002,1.7487,,,N,,,,,0,88329.84,,0,0,0,,N,,14650000,N,,,,,,,,,,,0,,,,0,,,,,WF,S,20180412,20180511,N,,,,,,,0,JPMBB13C17
JPMBB13C17,,883100182,22,20180517,12899530.13,12879396.52,20180506,,0.05087,20231206,0.000113,,,,,0.000005,0.050752,,,,,54683.26,20133.61,74816.87,,0,,,,,,0,,0,12879396.52,0,0,0,0,N,,,,,,,,,,,3225167,1562474,1662693,897802,1.8519,0.89,20171231,3281482,1635900,1645582,897802,1.8329,0.97,20161231,,,,,,,,,20131008,18500000,,,,,,,,,20131230,20131230,1,,,,CREFC,,1386195,1.5439,1369084,1.5249,,,N,,,,,0,247741.98,,0,0,0,,N,,13800000,S2,,,,,,,,,,,0,,,,0,,,,,WF,S,20180412,20180511,N,,,,,,,0,JPMBB13C17
JPMBB13C17,,883100173,23,20180517,12750150.99,12731247.79,20180506,,0.05442,20231106,0.000113,,,,,0.000005,0.054302,,,,,57821.93,18903.2,76725.13,,0,,,,,,0,,0,12731247.79,0,0,0,0,N,,,,,,,,,,,3407041,1458554,1948487,920702,2.1163,0.89,20171231,3358895,1498283,1860612,920701,2.0208,0.94,20161231,815197,396824,418373,230175,1.8176,0.85,20180101,20180331,20131030,23200000,,,,,,,YN,,20131230,20131230,1,,,,CREFC,,1857012,2.0169,1769137,1.9215,395505,1.7182,N,,,,,0,453469.99,,0,0,0,,N,,13600000,S1,,,,,,,,,,,0,,,,0,,,,,WF,S,20180412,20180511,N,,,,,,,0,JPMBB13C17
JPMBB13C17,,301410024,24,20180517,12134957.74,12115952.94,20180501,,0.051024,20231101,0.000113,,,,,0.000005,0.050906,,,,,51597.84,19004.8,70602.64,,0,,,,,,0,,0,12115952.94,0,0,0,0,N,,,,,,,,,,,3690026,1691795,1998231,847232,2.3585,0.78,20171231,3393887,1629798,1764089,847231,2.0821,0.8,20161231,3629834,1656474,1973360,847232,2.3291,0.77,20170401,20180331,20130924,18100000,,,,,,,TN,,20131230,20131230,1,,,,CREFC,,1674432,1.9763,1440290,1.6999,1649561,1.947,N,,,,,8.49,457883.35,,0,0,0,,N,,13000000,H,,,,,,,,,,,0,,,,0,,,,,WF,S,20180412,20180511,N,,,,,,,0,JPMBB13C17
JPMBB13C17,,301410026,26,20180517,11030103.58,11012889.15,20180501,,0.050875,20231201,0.000113,,,,,0.000005,0.050757,,,,,46763.04,17214.43,63977.47,,0,,,,,,0,,0,11012889.15,0,0,0,0,N,,,,,,,,,,,5444062,2997168,2446894,767730,3.1871,0.85,20171231,4936329,2898387,2037942,767730,2.6545,0.82,20161231,,,,,,,,,20131001,19000000,,,,,,,,,20131230,20131230,1,,,,CREFC,,2229132,2.9035,1886048,2.4566,,,X,,,,,0.01,712897.13,,0,0,0,,N,,11800000,S1,,,,,,,,,,,0,,,,0,,,,,WF,S,20180412,20180511,N,,,,,,,0,JPMBB13C17
JPMBB13C17,,301410027,27,20180517,10776511.34,10758130.48,20180501,,0.04563,20181101,0.000113,,,,,0.000005,0.045512,,,,,40977.68,18380.86,59358.54,,0,,,,,,0,,0,10758130.48,0,0,0,0,N,,,,,,,,,,,3177369,1718871,1458498,712302,2.0475,0.83,20161231,3456625,1734502,1722123,712302,2.4176,0.89,20151231,1618673,963992,654681,356151,1.8382,0.83,20170101,20170630,20130619,15700000,,,,,,,YN,,20131230,20131230,1,,,,CREFC,,1306392,1.834,1570017,2.2041,578628,1.6246,N,,,,,10.09,814109.46,,0,0,0,,N,,11629000,SH,,,,,,,,,,,0,,,,0,,,,,WF,S,20180412,20180511,N,,,,,,,0,JPMBB13C17
JPMBB13C17,,301410028,28,20180517,10723573.03,10706327.38,20180501,,0.049,20231201,0.000113,,,,,0.000005,0.048882,,,,,43787.92,17245.65,61033.57,,0,,,,,,0,,0,10706327.38,0,0,0,0,N,,,,,,,,,,,1330796,225528,1105268,732403,1.509,1,20171231,1293892,225919,1067973,732402,1.4581,1,20161231,335061,55694,279367,183101,1.5257,1,20180101,20180331,20130924,17080000,,,,,,,YN,,20131230,20131230,1,,,,CREFC,,1046405,1.4287,1009110,1.3778,264652,1.4453,N,,,,,38.01,280231.78,,0,0,0,,N,,11500000,S1,,,,,,,,,,,0,,,,0,,,,,WF,S,20180412,20180511,N,,,,,,,0,JPMBB13C17
JPMBB13C17,,301410029,29,20180517,10474938.87,10458702.23,20180505,,0.0513,20231205,0.000113,,,,,0.000005,0.051182,,,,,44780.36,16236.64,61017,,0,,,,,,0,,0,10458702.23,0,0,0,0,N,,,,,,,,,,,3287737,2434853,852884,732204,1.1648,0.66,20171231,3496016,2565690,930326,732204,1.2705,0.67,20161231,607882,534365,73517,183051,0.4016,0.52,20180101,20180331,20131031,16500000,,,,,,,YN,,20131230,20131230,1,,,,CREFC,,721375,0.9852,780117,1.0654,49202,0.2687,N,,,,,0,167306.1,20161011,0,0,0,,N,,11200000,S2,,,,,,,,,,,0,,,,0,,,,,WF,S,20180412,20180511,N,,,,,,,0,JPMBB13C17
JPMBB13C17,,301410010,10,20180517,9802217.01,9789350.58,20180501,,0.05,20231101,0.000588,,,,,0.000005,0.049407,,,,,40842.57,12866.43,53709,,0,,,,,,0,,0,9789350.58,0,0,0,0,N,,,,,,,,,,,3755786,1746741,2009045,644508,3.1171,0.96,20171231,3360973,1678875,1682098,520609,3.231,0.96,20161231,1003889,433024,570865,161127,3.5429,0.97,20180101,20180331,20130918,17300000,,,,,,,YN,,20131230,20131230,1,,,,CREFC,,1857162,2.8815,1530215,2.9392,532895,3.3072,X,,,,,50.84,109804.65,,0,0,0,,N,,10005000,S1,,,,,,,,,,,0,,,,0,,,,,WF,S,20180412,20180511,N,,,,,,,0,JPMBB13C17
JPMBB13C17,,301410030,30,20180517,9768603.03,9752676.83,20180505,,0.0485,20231105,0.000413,,,,,0.000005,0.048082,,,,,39481.44,15926.2,55407.64,,0,,,,,,0,,0,9752676.83,0,0,0,0,N,,,,,,,,,,,2224596,911955,1312641,664892,1.9742,0.95,20171231,2105601.15,966778.7,1138822.45,664891.68,1.7127,0.97,20161231,592310,233170,359140,166223,2.1605,0.97,20180101,20180331,20131009,14500000,,,,,,,YN,,20131230,20131230,1,,,,CREFC,20150720,1254641,1.8869,1080822.45,1.6255,344640,2.0733,X,,,,,36.53,9666.46,,0,0,0,,N,,10500000,S2,,,,,,,,,,,0,,,,0,,,,,WF,S,20180412,20180511,N,,,,,,,0,JPMBB13C17
JPMBB13C17,,301410033,33,20180517,9432508.76,9419844.65,20180501,,0.052,20231201,0.000113,,,,,0.000005,0.051882,,,,,40874.2,12664.11,53538.31,,0,,,,,,0,,0,9419844.65,0,0,0,0,N,,,,,,,,,,,1688742,730614,958128,642459,1.4913,0.94,20171231,1645215.12,628461.19,1016753.93,642459,1.5825,0.93,20161231,,,,,,,,,20130822,13000000,,,,,,,,,20131230,20131230,1,,,,CREFC,,918868,1.4302,977493.93,1.5214,,,N,,,,,3.56,27778.34,,0,0,0,,N,,9750000,S2,,,,,,,,,,,0,,,,0,,,,,WF,S,20180412,20180511,N,,,,,,,0,JPMBB13C17
JPMBB13C17,,883100186,32,20180517,9275836.75,9261787.04,20180506,,0.05273,20231206,0.000113,,,,,0.000005,0.052612,,,,,40759.57,14049.71,54809.28,,0,,,,,,0,,0,9261787.05,0,0,0,0,N,,,,,,,,,,,1428456,612608,815848,657711,1.2404,0.79,20161231,1495034,639352,855682,657711,1.3009,0.79,20151231,1056024,390472,665552,493283,1.3492,0.77,20170101,20170930,20131025,13200000,,,,,,,YN,,20131230,20131230,1,,,,CREFC,,695690,1.0577,735524,1.1183,575435,1.1665,N,,,,,0,42935.13,,0,0,0,,N,,9900000,S1,,,,,,,,,,,0,,,,0,,,,,WF,S,20180412,20180511,N,,,,,,,0,JPMBB13C17
JPMBB13C17,,301410031,31,20180517,9181426.24,9159567.33,20180501,,0.04722,20200731,0.000113,,,,,0.000005,0.047102,,,,,36128.91,21858.91,57987.82,,0,,,,,,0,,0,9159567.33,0,0,0,0,N,,,,,,,,,,,2570715,1058503,1512212,695853,2.1731,0.96,20171231,2404072,926933,1477139,695853,2.1227,0.94,20161231,,,,,,,,,20130908,14040000,,,,,,20181101,,,20131230,20131230,1,,,,CREFC,,1324972,1.904,1289899,1.8536,,,N,,,,,81.58,214917.68,,0,0,0,,N,,10200000,H,,,,,,,,,,,0,,,,0,,,,,WF,S,20180412,20180511,N,,,,,,,0,JPMBB13C17
JPMBB13C17,,301410011,11,20180517,9116404.71,9104438.48,20180501,,0.05,20231101,0.000588,,,,,0.000005,0.049407,,,,,37985.02,11966.23,49951.25,,0,,,,,,0,,0,9104438.48,0,0,0,0,N,,,,,,,,,,,3362871,1512644,1850227,599415,3.0867,0.95,20171231,2998594,1539770,1458824,484184,3.0129,0.95,20161231,894332,373303,521029,149853,3.4769,0.97,20180101,20180331,20130918,17400000,,,,,,,YN,,20131230,20131230,1,,,,CREFC,,1729139,2.8847,1337736,2.7628,490757,3.2749,X,,,,,38.58,84717.42,,0,0,0,,N,,9305000,S1,,,,,,,,,,,0,,,,0,,,,,WF,S,20180412,20180511,N,,,,,,,0,JPMBB13C17
JPMBB13C17,,301410035,35,20180517,8838229.34,8824529.67,20180505,,0.0513,20231205,0.000688,,,,,0.000005,0.050607,,,,,37783.43,13699.67,51483.1,,0,,,,,,0,,0,8824529.67,0,0,0,0,N,,,,,,,,,,,534905,233402,301503,617797,0.488,0.35,20171231,553289,248911,304378,617797,0.4926,0.39,20161231,,,,,,,,,20131022,12800000,,,,,,,,,20131230,20131230,1,,,,CREFC,,210511,0.3407,213386,0.3453,,,N,,,,,0,543922.11,20160311,0,0,0,,N,,9450000,N,,,,,,,,,,,0,,,,0,,,,,WF,S,20180412,20180511,N,,,,,,,0,JPMBB13C17
JPMBB13C17,,301410012,12,20180517,8758802.62,8747305.78,20180501,,0.05,20231101,0.000588,,,,,0.000005,0.049407,,,,,36495.01,11496.84,47991.85,,0,,,,,,0,,0,8747305.78,0,0,0,0,N,,,,,,,,,,,3110934,1380157,1730777,575902,3.0053,0.98,20171231,2857043,1392293,1464750,465191,3.1487,0.97,20161231,818510,343683,474827,143975,3.2979,0.94,20180101,20180331,20130918,15200000,,,,,,,YN,,20131230,20131230,1,,,,CREFC,,1631858,2.8335,1365831,2.936,450098,3.1262,X,,,,,35.31,77395.23,,0,0,0,,N,,8940000,S1,,,,,,,,,,,0,,,,0,,,,,WF,S,20180412,20180511,N,,,,,,,0,JPMBB13C17
JPMBB13C17,,883100170,34,20180517,8728832.31,8709744.13,20180506,,0.05408,20231106,0.000113,,,,,0.000005,0.053962,,,,,39337.94,19088.18,58426.12,,0,,,,,,0,,0,8709744.13,0,0,0,0,N,,,,,,,,,,,2361651,1215364,1146287,701113,1.6349,0.64,20171231,,,,,,,,,,,,,,,,20130717,15000000,,,,,,,,,20131230,20131230,1,,,,CREFC,,950969,1.3563,,,,,N,,,,,0,112682.12,,0,0,0,,N,,9600000,S1,,,,,,,,,,,0,,,,0,,,,,WF,S,20180412,20180511,N,,,,,,,0,JPMBB13C17
JPMBB13C17,,301410039,39,20180517,8700000,8700000,20180501,,0.0506,20231001,0.000113,,,,,0.000005,0.050482,,,,,36685,0,36685,,0,,,,,,0,,0,8700000,0,0,0,0,N,,,,,,,,,,,1680452,848604,831848,446334,1.8637,0.91,20171231,1427954,890075,537879,447557,1.2018,0.62,20161231,,,,,,,,,20130910,14600000,,,,,,,,,20131230,20131230,1,,,,CREFC,,802848,1.7987,508879,1.137,,,X,,,,,0,51814.82,,0,0,0,,N,,8700000,S2,,,,,,,,,,,0,,,,0,,,,,WF,S,20180412,20180511,N,,,,,,,0,JPMBB13C17
JPMBB13C17,,301410038,38,20180517,8692918.21,8680754.77,20180505,,0.0496,20231205,0.000313,,,,,0.000005,0.049282,,,,,35930.73,12163.44,48094.17,,0,,,,,,0,,0,8680754.77,0,0,0,0,N,,,,,,,,,,,945184,151721,793463,577130,1.3748,1,20171231,942186,147554,794632,577130,1.3768,0.86,20161231,,,,,,,,,20131125,12200000,,,,,,,,,20131230,20131230,1,,,,CREFC,,783140,1.3569,784309,1.3589,,,N,,,,,2.83,30994.72,,0,0,0,,N,,9000000,S2,,,,,,,,,,,0,,,,0,,,,,WF,S,20180412,20180511,N,,,,,,,0,JPMBB13C17
JPMBB13C17,,883100184,41,20180517,8053378.99,8042547.78,20180406,,0.0519,20231206,0.000113,,,,,0.000005,0.051782,,,,,34830.86,10831.21,45662.07,,0,,,,,,0,,0,8053378.99,45628.51,0,0,B,N,,,,,,,,,,,1050878,233979,816899,547946,1.4908,0.79,20161231,1068096,222636,845460,438069,1.9299,0.83,20151231,847718,234229,613489,410958,1.4928,0.83,20170101,20170930,,11100000,,,,,,,YN,,20131230,20131230,3,,,,CREFC,,797499,1.4554,826060,1.8856,598941,1.4574,N,,,,,0,29432.56,,0,0,0,,N,,8325000,S2,,,,,,,,,,,0,,,,0,,,,,WF,S,20180412,20180511,N,,,,,,,0,JPMBB13C17
JPMBB13C17,,883100169,40,20180517,7993024.13,7980197.88,20180506,,0.0495,20231106,0.000613,,,,,0.000005,0.048882,,,,,32971.22,12826.25,45797.47,,0,,,,,,0,,0,7980197.89,0,0,0,0,N,,,,,,,,,,,1264555,612302,652253,549569,1.1868,0.8,20161231,1327414,582526,744888,549569,1.3554,0.96,20151231,,,,,,,,,20130827,11630000,,,,,,,,,20131230,20131230,1,,,,CREFC,,626224,1.1394,718859,1.308,,,N,,,,,0,65124.41,,0,0,0,,N,,8580000,S2,,,,,,,,,,,0,,,,0,,,,,WF,S,20180412,20180511,N,,,,,,,0,JPMBB13C17
JPMBB13C17,,301410042,42,20180517,7674024.85,7662225.22,20180505,,0.0518,20231205,0.000488,,,,,0.000005,0.051307,,,,,33126.21,11799.63,44925.84,,0,,,,,,0,,0,7662225.22,0,0,0,0,N,,,,,,,,,,,1474103,395105,1078998,539110,2.0014,0.88,20171231,1404849,409444,995405,539110,1.8463,1,20161231,,,,,,,,,20131022,11400000,,,,,,,,,20131230,20131230,1,,,,CREFC,,1014622,1.882,931029,1.7269,,,N,,,,,0,126213.54,,0,0,0,,N,,8200000,N,,,,,,,,,,,0,,,,0,,,,,WF,S,20180412,20180511,N,,,,,,,0,JPMBB13C17
JPMBB13C17,,883100167,43,20180517,7531366.83,7520325.18,20180506,,0.049,20180806,0.000513,,,,,0.000005,0.048482,,,,,30753.08,11041.65,41794.73,,0,,,,,,0,,0,7520325.19,0,0,0,0,N,,,,,,,,,,,,,,,,,,,,,,,,,,,,,,,,,,,,,,,,,,,20131230,20170711,,,,,,,,,,,,,F,,,,,0,,,0,0,0,,N,,7875000,,,,,,,,,,,,0,,,,0,,,,,WF,S,20180412,20180511,N,,,,,,,0,JPMBB13C17
JPMBB13C17,,301410045,45,20180517,7007282.82,6996280.68,20180505,,0.0505,20231205,0.000713,,,,,0.000005,0.049782,,,,,29488.98,11002.14,40491.12,,0,,,,,,0,,0,6996280.68,0,0,0,0,N,,,,,,,,,,,1226713,392045,834668,485893,1.7178,0.83,20171231,822802,339992,482810,485893,0.9936,1,20161231,330080,100143,229937,121473,1.8929,0.88,20180101,20180331,20131104,10500000,,,,,,,YN,,20131230,20131230,1,,,,CREFC,,764348,1.573,412490,0.8489,212357,1.7481,N,,,,,0.12,852826.43,,0,0,0,,N,,7500000,SH,,,,,,,,,,,0,,,,0,,,,,WF,S,20180412,20180511,N,,,,,,,0,JPMBB13C17
JPMBB13C17,,301410046,46,20180517,6699955.07,6689189.55,20180501,,0.04974,20231001,0.000113,,,,,0.000005,0.049622,,,,,27771.31,10765.52,38536.83,,0,,,,,,0,,0,6689189.55,0,0,0,0,N,,,,,,,,,,,2739581,1446424,1293157,462442,2.7963,0.61,20171231,2657417,1422453,1234964,462441,2.6705,0.6,20161231,,,,,,,,,20130701,12750000,,,,,,,,,20131230,20131230,1,,,,CREFC,,1183574,2.5593,1146659,2.4795,,,X,,,,,49.33,301024.21,,0,0,0,,N,,7200000,N,,,,,,,,,,,0,,,,0,,,,,WF,S,20180412,20180511,N,,,,,,,0,JPMBB13C17
JPMBB13C17,,883100187,44,20180517,6648605.45,6625601.34,20180506,,0.05086,20231206,0.000113,,,,,0.000005,0.050742,,,,,28179.01,23004.11,51183.12,,0,,,,,,0,,0,6625601.34,0,0,0,0,N,,,,,,,,,,,,,,,,,,968954,177071,791883,614197,1.2892,1,20161231,261661,59960,201701,153549,1.3135,1,20180101,20180331,20131010,11850000,,,,,,,YN,,20131230,20131230,1,,,,CREFC,20150224,,,749889,1.2209,191203,1.2452,N,,,,,0,102531.72,,0,0,0,,N,,7700000,S2,,,,,,,,,,,0,,,,0,,,,,WF,S,20180412,20180511,N,,,,,,,0,JPMBB13C17
JPMBB13C17,,301410047,47,20180517,6639515.91,6629207.77,20180501,,0.0512,20231201,0.000113,,,,,0.000005,0.051082,,,,,28328.6,10308.14,38636.74,,0,,,,,,0,,0,6629207.77,0,0,0,0,N,,,,,,,,,,,1378923,463494,915429,463641,1.9744,0.86,20171231,1332953,509319,823634,463641,1.7764,0.88,20161231,353142,141994,211148,115910,1.8216,0.86,20180101,20180331,20130620,12100000,,,,,,,YN,,20131230,20131230,1,,,,CREFC,,897537,1.9358,805742,1.7378,206675,1.783,N,,,,,0,165223,,0,0,0,,N,,7100000,S2,,,,,,,,,,,0,,,,0,,,,,WF,S,20180412,20180511,N,,,,,,,0,JPMBB13C17
JPMBB13C17,,301410048,48,20180517,6546313.83,6536410.52,20180501,,0.0535,20231001,0.000113,,,,,0.000005,0.053382,,,,,29185.65,9903.31,39088.96,,0,,,,,,0,,0,6536410.52,0,0,0,0,N,,,,,,,,,,,1331583,381785,949798,469067,2.0248,1,20171231,1498257,338885,1159372,469067,2.4716,1,20161231,,,,,,,,,20130409,10900000,,,,,,,,,20131230,20131230,1,,,,CREFC,,918798,1.9587,1128372,2.4055,,,N,,,,,4.52,142206.47,,0,0,0,,N,,7000000,S2,,,,,,,,,,,0,,,,0,,,,,WF,S,20180412,20180511,N,,,,,,,0,JPMBB13C17
JPMBB13C17,,301410049,49,20180517,6389441.69,6378453.04,20180501,,0.0451,20181101,0.000113,,,,,0.000005,0.044982,,,,,24013.65,10988.65,35002.3,,0,,,,,,0,,0,6378453.04,0,0,0,0,N,,,,,,,,,,,1329363,662586,666777,420027,1.5874,0.95,20171231,1272947.66,655214.35,617733.31,420027.44,1.4706,0.94,20161231,,,,,,,,,20130723,9600000,,,,,,,,,20131230,20131230,1,,,,CREFC,,629856,1.4995,580811.81,1.3827,,,X,,,,,12.46,56587.87,,0,0,0,,N,,6900000,SF,,,,,,,,,,,0,,,,0,,,,,WF,S,20180412,20180511,N,,,,,,,0,JPMBB13C17
JPMBB13C17,,301410050,50,20180517,5239346.12,5231371.7,20180501,,0.0528,20231101,0.000113,,,,,0.000005,0.052682,,,,,23053.12,7974.42,31027.54,,0,,,,,,0,,0,5231371.7,0,0,0,0,N,,,,,,,,,,,1029702,289503,740199,372330,1.988,0.97,20171231,961178,306996,654182,372330,1.7569,1,20161231,,,,,,,,,20130827,7200000,,,,,,,,,20131230,20131230,1,,,,CREFC,,715399,1.9214,629382,1.6903,,,N,,,,,0.05,39266.73,,0,0,0,,N,,5600000,S2,,,,,,,,,,,0,,,,0,,,,,WF,S,20180412,20180511,N,,,,,,,0,JPMBB13C17
JPMBB13C17,,883100155,36,20180517,4949819.71,4939141.92,20180506,,0.0562,20230906,0.000113,,,,,0.000005,0.056082,,,,,23181.66,10677.79,33859.45,,0,,,,,,0,,0,4939141.92,0,0,0,0,N,,,,,,,,,,,1936150,1084000,852150,406313,2.0972,0.98,20161231,1877232,1084674,792558,406313,1.9506,0.98,20151231,1355761,866421,489340,304735,1.6057,0.87,20170101,20170930,20130814,8300000,,,,,,,YN,,20131230,20131230,1,,,,CREFC,,757750,1.8649,698158,1.7182,418540,1.3734,N,,,,,0,58977.93,20171113,0,0,0,,N,,5450000,S1,,,,,,,,,,,0,,,,0,,,,,WF,S,20180412,20180511,N,,,,,,,0,JPMBB13C17
JPMBB13C17,,301410051,51,20180517,4815865.18,4808487.86,20180501,,0.0524,20231101,0.000113,,,,,0.000005,0.052282,,,,,21029.28,7377.32,28406.6,,0,,,,,,0,,0,4808487.86,0,0,0,0,N,,,,,,,,,,,,,,,,,,709966,261052,448914,340879,1.3169,1,20161231,186269,74499,111770,85219,1.3115,1,20171001,20171231,20130829,8300000,,,,,,,YN,,20131230,20131230,1,,,,CREFC,,,,435572,1.2777,108435,1.2724,N,,,,,0,2214,,0,0,0,,N,,5150000,S2,,,,,,,,,,,0,,,,0,,,,,WF,S,20180412,20180511,N,,,,,,,0,JPMBB13C17
JPMBB13C17,,883100166,52,20180517,4805729.24,4798683.61,20180506,,0.049,20180806,0.000513,,,,,0.000005,0.048482,,,,,19623.39,7045.63,26669.02,,0,,,,,,0,,0,4798683.61,0,0,0,0,N,,,,,,,,,,,,,,,,,,,,,,,,,,,,,,,,,,,,,,,,,,,20131230,20170711,,,,,,,,,,,,,F,,,,,0,,,0,0,0,,N,,5025000,,,,,,,,,,,,0,,,,0,,,,,WF,S,20180412,20180511,N,,,,,,,0,JPMBB13C17
JPMBB13C17,,301410053,53,20180517,4497206.32,4490391.28,20180505,,0.0527,20231205,0.000788,,,,,0.000005,0.051907,,,,,19750.23,6815.04,26565.27,,0,,,,,,0,,0,4490391.28,0,0,0,0,N,,,,,,,,,,,786810,282642,504168,318783,1.5815,1,20161231,,,,,,,,896807,264667,632140,318783,1.9829,1,20161001,20170930,20131007,6910000,,,,,,,TN,,20131230,20131230,1,,,,CREFC,,495768,1.5551,,,623740,1.9566,N,,,,,0,20071.42,,0,0,0,,N,,4800000,N,,,,,,,,,,,0,,,,0,,,,,WF,S,20180412,20180511,N,,,,,,,0,JPMBB13C17
JPMBB13C17,,883100183,54,20180517,4025201.94,4019032.71,20180506,,0.052,20231206,0.000113,,,,,0.000005,0.051882,,,,,17442.54,6169.23,23611.77,,0,,,,,,0,,0,4019032.71,0,0,0,0,N,,,,,,,,,,,1178020,389464,788556,283341,2.783,0.84,20171231,1192735,367296,825439,283341,2.9132,0.85,20161231,273552,94823,178729,70835,2.5231,0.86,20180101,20180331,20131009,7700000,,,,,,,YN,,20131230,20131230,1,,,,CREFC,,782285,2.7609,819168,2.8911,177161,2.501,N,,,,,0,27718.79,,0,0,0,,N,,4300000,S1,,,,,,,,,,,0,,,,0,,,,,WF,S,20180412,20180511,N,,,,,,,0,JPMBB13C17
JPMBB13C17,,301410055,55,20180517,3916488.22,3910713.33,20180501,,0.0526,20231101,0.000113,,,,,0.000005,0.052482,,,,,17167.27,5774.89,22942.16,,0,,,,,,0,,0,3910713.33,0,0,0,0,N,,,,,,,,,,,1438584,482654,955930,275306,3.4722,0.91,20171231,1098818,385626,713192,275306,2.5905,0.9,20161231,368451,109340,259111,68826,3.7647,0.9,20180101,20180331,20130809,5700000,,,,,,,YN,,20131230,20131230,1,,,,CREFC,20160502,945053,3.4327,702315,2.551,256392,3.7252,N,,,,,0,49450.5,,0,0,0,,N,,4150000,N,,,,,,,,,,,0,,,,0,,,,,WF,S,20180412,20180511,N,,,,,,,0,JPMBB13C17
JPMBB13C17,,883100168,56,20180517,3887619.86,3881920.27,20180506,,0.049,20180806,0.000513,,,,,0.000005,0.048482,,,,,15874.45,5699.59,21574.04,,0,,,,,,0,,0,3881920.27,0,0,0,0,N,,,,,,,,,,,,,,,,,,,,,,,,,,,,,,,,,,,,,,,,,,,20131230,20170728,,,,,,,,,,,,,F,,,,,0,,,0,0,0,,N,,4065000,,,,,,,,,,,,0,,,,0,,,,,WF,S,20180412,20180511,N,,,,,,,0,JPMBB13C17
JPMBB13C17,,301410057,57,20180517,3472197.1,3467045.35,20180501,,0.054,20231201,0.000113,,,,,0.000005,0.053882,,,,,15624.89,5151.75,20776.64,,0,,,,,,0,,0,3467045.35,0,0,0,0,N,,,,,,,,,,,751100,241008,510092,249320,2.0459,0.91,20171231,705422,243160,462262,249319,1.854,0.91,20161231,196624,59234,137390,62330,2.2042,0.91,20180101,20180331,20131015,6150000,,,,,,,YN,,20131230,20131230,1,,,,CREFC,,464567,1.8633,416737,1.6715,126009,2.0216,N,,,,,2.45,121218.74,,0,0,0,,N,,3700000,S2,,,,,,,,,,,0,,,,0,,,,,WF,S,20180412,20180511,N,,,,,,,0,JPMBB13C17
JPMBB13C17,,883100154,37,20180517,3360428.08,3353178.93,20180506,,0.0562,20230906,0.000113,,,,,0.000005,0.056082,,,,,15738,7249.15,22987.15,,0,,,,,,0,,0,3353178.93,0,0,0,0,N,,,,,,,,,,,1368145,876769,491376,275846,1.7813,0.98,20161231,1380826,903144,477682,275846,1.7316,0.98,20151231,930276,721145,209131,206884,1.0108,0.71,20170101,20170930,20130814,5800000,,,,,,,YN,,20131230,20131230,1,,,,CREFC,,419376,1.5203,405682,1.4706,155131,0.7498,N,,,,,0,452154.3,20171113,0,0,0,,N,,3700000,S1,,,,,,,,,,,0,,,,0,,,,,WF,S,20180412,20180511,N,,,,,,,0,JPMBB13C17
JPMBB13C17,,883100149,58,20180517,3130759.34,3123956.73,20180506,,0.055625,20230906,0.000113,,,,,0.000005,0.055507,,,,,14512.37,6802.61,21314.98,,0,,,,,,0,,0,3123956.72,0,0,0,0,N,,,,,,,,,,,1047061,568696,478365,255780,1.8702,0.94,20161231,1024268,598386,425882,255780,1.665,0.99,20151231,786717,492521,294196,191835,1.5335,0.86,20170101,20170930,20130725,5300000,,,,,,,YN,,20131230,20131230,1,,,,CREFC,,420765,1.645,368282,1.4398,250996,1.3083,N,,,,,0,35744.62,20150911,0,0,0,,N,,3450000,S1,,,,,,,,,,,0,,,,0,,,,,WF,S,20180412,20180511,N,,,,,,,0,JPMBB13C17
JPMBB13C17,,301410060,60,20180517,3098346.3,3093779.14,20180501,,0.0544,20231201,0.000113,,,,,0.000005,0.054282,,,,,14045.84,4567.16,18613,,0,,,,,,0,,0,3093779.14,0,0,0,0,N,,,,,,,,,,,646605,259510,387095,223356,1.733,0.89,20171231,624894,282455,342439,223356,1.5331,0.98,20161231,,,,,,,,,20131004,4500000,,,,,,,,,20131230,20131230,1,,,,CREFC,,352695,1.579,308039,1.3791,,,N,,,,,0,87298.59,,0,0,0,,N,,3300000,S2,,,,,,,,,,,0,,,,0,,,,,WF,S,20180412,20180511,N,,,,,,,0,JPMBB13C17
JPMBB13C17,,883100163,59,20180517,3051327.43,3044831.53,20180506,,0.0567,20231006,0.000113,,,,,0.000005,0.056582,,,,,14417.52,6495.9,20913.42,,0,,,,,,0,,0,3044831.54,0,0,0,0,N,,,,,,,,,,,2485543,1706667,778876,250961,3.1035,0.79,20161231,2359355,1481591,877764,250961,3.4976,0.78,20151231,1880546,1319786,560760,188220,2.9792,0.79,20170101,20170930,20130726,6500000,,,,,,,YN,,20131230,20131230,1,,,,CREFC,,708575,2.8234,807463,3.2174,508035,2.6991,N,,,,,0,302868.89,,0,0,0,,N,,3350000,S2,,,,,,,,,,,0,,,,0,,,,,WF,S,20180412,20180511,N,,,,,,,0,JPMBB13C17
JPMBB13C17,,883100165,61,20180517,2752404.44,2747952.48,20180506,,0.049,20181106,0.000113,,,,,0.000005,0.048882,,,,,11238.98,4451.96,15690.94,,0,,,,,,0,,0,2747952.48,0,0,0,0,N,,,,,,,,,,,691621,253963,437658,188291,2.3243,0.94,20171231,642532,255193,387339,188291,2.0571,0.92,20161231,708906,209975,498931,188291,2.6497,0.95,20170401,20180331,20130730,4050000,,,,,,,TN,,20131230,20131230,1,,,,CREFC,20150507,429325,2.2801,379006,2.0128,490598,2.6055,N,,,,,0,0.9,,0,0,0,,N,,2956500,S2,,,,,,,,,,,0,,,,0,,,,,WF,S,20180412,20180511,N,,,,,,,0,JPMBB13C17
JPMBB13C17,,301410062,62,20180517,2596444.21,2592045.78,20180501,,0.0474,20230701,0.000113,,,,,0.000005,0.047282,,,,,10255.95,4398.43,14654.38,,0,,,,,,0,,0,2592045.78,0,0,0,0,N,,,,,,,,,,,938690,516663,422027,175852,2.3998,0.98,20171231,942807.38,513857.85,428949.53,175852,2.4392,0.99,20161231,,,,,,,,,20130425,3780000,,,,,,,,,20131230,20131230,1,,,,CREFC,,395027,2.2463,401949.53,2.2857,,,N,,,,,56.55,30309.13,20151013,0,0,0,,N,,2812500,S2,,,,,,,,,,,0,,,,0,,,,,WF,S,20180412,20180511,N,,,,,,,0,JPMBB13C17
JPMBB13C17,,301410063,63,20180517,2529213.74,2525467.38,20180501,,0.0548,20231001,0.000113,,,,,0.000005,0.054682,,,,,11550.08,3746.36,15296.44,,0,,,,,,0,,0,2525467.38,0,0,0,0,N,,,,,,,,,,,488954,115377,373577,183557,2.0352,1,20171231,485739,113152,372587,183557,2.0298,1,20161231,124008,36097,87911,45889,1.9157,1,20180101,20180331,20130617,3600000,,,,,,,YN,,20131230,20131230,1,,,,CREFC,,342379,1.8652,341389,1.8598,80112,1.7457,N,,,,,0,142992.85,,0,0,0,,N,,2700000,S1,,,,,,,,,,,0,,,,0,,,,,WF,S,20180412,20180511,N,,,,,,,0,JPMBB13C17
JPMBB13C17,,301410064,64,20180517,1972157.49,1969259.89,20180501,,0.0546,20231201,0.000113,,,,,0.000005,0.054482,,,,,8973.32,2897.6,11870.92,,0,,,,,,0,,0,1969259.89,0,0,0,0,N,,,,,,,,,,,359085,103394,255691,142451,1.7949,1,20171231,367149,98230,268919,142451,1.8878,1,20161231,85738,21697,64041,35613,1.7982,1,20180101,20180331,20130626,2800000,,,,,,,YN,,20131230,20131230,1,,,,CREFC,,214523,1.5059,227751,1.5988,53749,1.5092,N,,,,,12.68,185025.51,20180312,0,0,0,,N,,2100000,S2,,,,,,,,,,,0,,,,0,,,,,WF,S,20180412,20180511,N,,,,,,,0,JPMBB13C17
JPMBB13C17,,883100181,14,20170817,0,0,,,,,,,,,,,,,,,,,,,,,,20170804,,,9,,,,,,,,,N,,,,,,,,,,,,,,,,,,,,,,,,,,,,,,,,,,,,,,,,,,,,,,,,,,,,,,,,,,,,,,,,,0,,0,,,,,,,,,,,,,,,,,,,,,,,,,,,20180412,20180511,,,,,,,,,
JPMBB13C17,,883100157,25,20171117,0,0,,,,,,,,,,,,,,,,,,,,,,20171020,,,6,,,,,,,,,N,,,,7901866.28,1663865.81,4810762.87,,,,,,,,,,,,,,,,,,,,,,,,,,,,,,,,,,,,,,,,,,,,,,,,,,,,,,,,,,,0,,0,,,,,,7901866.28,1591014.36,20000,52851.45,0,,,-560.61,,,,,,,,,,,,,,20180412,20180511,,,,,,,,,
JPMBB13C17,,301410021,21,20161216,0,0,,,,,,,,,,,,,,,,,,,,,,20161205,,,9,,,,,,,,,N,,,,,,,,,,,,,,,,,,,,,,,,,,,,,,,,,,,,,,,,,,,,,,,,,,,,,,,,,,,,,,,,,0,,0,,,,,,,,,,,,,,,,,,,,,,,,,,,20180412,20180511,,,,,,,,,
