JPMBB13C17,,301171001,3,20161017,88925336.83,88809494.6,20161001,,0.0483334,20231101,0.000113,,,,,0.000005,0.0482154,,,,,358171.99,115842.23,474014.22,,,,,,,,,,,88809494.6,0,0,0,0,N,,,,,,,,,,,23030082,8148531,14881551,11553417,1.29,0.93,20151231,21761731,7957924.8,13803806.2,11026056.49,1.25,0.97,20141231,11573703,4026194,7547509,4266128,1.77,0.95,20160101,20160630,20130910,365000000,,,,,,,YN,,20131230,20131230,1,,,,CREFC,,14819551,1.28,13741806.2,1.25,7516509,1.76,X,,,,,,,,,,,,N,,225000000,H,,,,,,,,,,,,,,,,,,,,WF,S,20160913,20161011,N,,,,,,,,JPMC13C16
JPMBB13C17,,301410001,1,20161017,114724788.4,114543689.9,20161001,,0.04366,20240101,0.000113,,,,,0.000005,0.043542,,,,,417407.02,181098.45,598505.47,,,,,,,,,,,114543689.9,0,0,0,0,N,,,,,,,,,,,32881212,11354670,21526542,13167120,1.63,0.93,20151231,32883064,11451799,21431265,13167121,1.63,0.98,20141231,16441708,5482108,10959600,6583560,1.66,0.94,20160101,20160630,20131115,366000000,,,,,,,YN,,20131230,20131230,1,,,,CREFC,,20626840,1.57,20531563,1.56,10509749,1.6,X,,,,,,,,,,,,N,,220000000,S2,,,,,,,,,,,,,,,,,,,,WF,S,20160913,20161011,N,,,,,,,,JPMBB13C17
JPMBB13C17,,301410002,2,20161017,92796666.57,92677490.9,20161001,,0.049127,20231101,0.000213,,,,,0.000005,0.048909,,,,,379901.82,119175.67,499077.49,,,,,,,,,,,92677490.9,0,0,0,0,N,,,,,,,,,,,11988589,2178753,9809836,4893600,2,1,20151231,11708936,2077209,9631727,4677091,2.06,1,20141231,3042461,474002,2568459,1497233,1.72,1,20160101,20160331,,125500000,,,,,,,YN,,20131230,20131230,7,,,,CREFC,,8843428,1.81,8665319,1.85,2326861,1.55,X,,,,,727.15,275436.11,,,,,,N,,93900000,H,,,,,,,,,,,,,,,,,,,,WF,S,20160913,20161011,N,,,,,,,,JPMBB13C17
JPMBB13C17,,301410004,4,20161017,72351693.4,72258559.07,20161001,,0.0487,20231201,0.000113,,,,,0.000005,0.048582,,,,,293627.29,93134.33,386761.62,,,,,,,,,,,72258559.07,0,0,0,0,N,,,,,,,,,,,14392983,5780830,8612153,3610648,2.39,0.96,20151231,14621821,5699510,8922311,3610648,2.47,0.86,20141231,7294093,2838127,4455966,2320570,1.92,0.96,20160101,20160630,20131015,123000000,,,,,,,YN,,20131230,20131230,1,,,,CREFC,,7062227,1.96,7372385,2.04,3681003,1.59,N,,,,,,889676.24,,,,,,N,,73125000,H,,,,,,,,,,,,,,,,,,,,WF,S,20160913,20161011,N,,,,,,,,JPMBB13C17
JPMBB13C17,,301410007,7,20161017,31000000,31000000,20161001,,0.0492,20231101,0.000413,,,,,0.000005,0.048782,,,,,127100,0,127100,,,,,,,,,,,31000000,0,0,0,0,N,,,,,,,,,,,3686014,934238,2751776,1546383,1.78,0.83,20151231,3251572,803278,2448294,1546383,1.58,1,20141231,787832,212687,575145,385537,1.49,0.99,20160101,20160331,20130918,51000000,,,,,,,YN,,20131230,20131230,1,,,,CREFC,,2614470,1.69,2310988,1.49,540820,1.4,X,,,,,117.17,24920.07,,,,,,N,,31000000,S1,,,,,,,,,,,,,,,,,,,,WF,S,20160913,20161011,N,,,,,,,,JPMBB13C17
JPMBB13C17,,301410008,8,20161017,30000000,30000000,20161001,,0.049875,20231201,0.000313,,,,,0.000005,0.049557,,,,,124687.5,0,124687.5,,,,,,,,,,,30000000,0,0,0,0,N,,,,,,,,,,,5409637,2686564,2723073,1517031,1.8,0.89,20151231,4868845,2067137,2801708,1517031,1.85,0.89,20141231,2518288,1305204,1213084,756438,1.6,0.92,20160101,20160630,20131009,39000000,,,,,,,YN,,20131230,20131230,1,,,,CREFC,,2447070,1.61,2525705,1.66,1075083,1.42,X,,,,,2106.21,1948373.22,,,,,,N,,30000000,S2,,,,,,,,,,,,,,,,,,,,WF,S,20160913,20161011,N,,,,,,,,JPMBB13C17
JPMBB13C17,,301410009,9,20161017,28719417.02,28677284.23,20161001,,0.048675,20231101,0.000113,,,,,0.000005,0.048557,,,,,116493.14,42132.79,158625.93,,,,,,,,,,,28677284.23,0,0,0,0,N,,,,,,,,,,,4215205,2201959,2013246,1903511,1.06,0.77,20151231,4995104,2540764,2454340,1903511,1.29,0.83,20141231,2810291,1458605,1351686,951755,1.42,0.8,20160101,20160630,20130918,43000000,,,,,,,YN,,20131230,20131230,1,,,,CREFC,20150410,1723272,0.91,2164366,1.14,1206698,1.27,X,,,,,169.36,1164837.21,,,,,,N,,30000000,S1,,,,,,,,,,,,,,,,,,,,WF,S,20160913,20161011,N,,,,,,,,JPMBB13C17
JPMBB13C17,,301410010,10,20161017,10005000,10005000,20161001,,0.05,20231101,0.000588,,,,,0.000005,0.049407,,,,,41687.5,0,41687.5,,,,,,,,,,,10005000,0,0,0,0,N,,,,,,,,,,,3101479,1620281,1481198,507198,2.92,0.96,20151231,2782658,1507592,1275066,507197,2.51,0.94,20141231,1577995,780279,797716,254294,3.14,0.91,20160101,20160630,20130918,17300000,,,,,,,YN,,20131230,20131230,1,,,,CREFC,,1329315,2.62,1123183,2.21,721774,2.84,X,,,,,50.84,205052.84,,,,,,N,,10005000,S1,,,,,,,,,,,,,,,,,,,,WF,S,20160913,20161011,N,,,,,,,,JPMBB13C17
JPMBB13C17,,301410011,11,20161017,9305000,9305000,20161001,,0.05,20231101,0.000588,,,,,0.000005,0.049407,,,,,38770.83,0,38770.83,,,,,,,,,,,9305000,0,0,0,0,N,,,,,,,,,,,2732988,1472307,1260681,471712,2.67,0.96,20151231,2652848,1409019,1243829,471712,2.64,0.94,20141231,1412810,737913,674897,236502,2.85,0.97,20160101,20160630,20130918,17400000,,,,,,,YN,,20131230,20131230,1,,,,CREFC,,1139593,2.42,1122741,2.38,614353,2.6,X,,,,,38.58,156605.8,,,,,,N,,9305000,S1,,,,,,,,,,,,,,,,,,,,WF,S,20160913,20161011,N,,,,,,,,JPMBB13C17
JPMBB13C17,,301410012,12,20161017,8940000,8940000,20161001,,0.05,20231101,0.000588,,,,,0.000005,0.049407,,,,,37250,0,37250,,,,,,,,,,,8940000,0,0,0,0,N,,,,,,,,,,,2569474,1385898,1183576,453208,2.61,0.94,20151231,2440247,1273716,1166531,453209,2.57,0.97,20141231,1353796,678722,675074,227225,2.97,0.97,20160101,20160630,20130918,15200000,,,,,,,YN,,20131230,20131230,1,,,,CREFC,,1084657,2.39,1067612,2.36,625614,2.75,X,,,,,35.31,142639.92,,,,,,N,,8940000,S1,,,,,,,,,,,,,,,,,,,,WF,S,20160913,20161011,N,,,,,,,,JPMBB13C17
JPMBB13C17,,301410013,13,20161017,25375000,25375000,20161001,,0.0474,20231201,0.000113,,,,,0.000005,0.047282,,,,,100231.25,0,100231.25,,,,,,,,,,,25375000,0,0,0,0,N,,,,,,,,,,,5202385,2444507,2757878,1219480,2.26,0.85,20151231,5532300,2183805,3348495,1219480,2.75,0.92,20141231,2197816,1042646,1155170,611410,1.89,0.78,20160101,20160630,20131010,39600000,,,,,,,YN,,20131230,20131230,1,,,,CREFC,,2205554,1.81,2796171,2.29,879008,1.44,N,,,,,,2728621.87,20160511,,,,,N,,25375000,SH,,,,,,,,,,,,,,,,,,,,WF,S,20160913,20161011,N,,,,,,,,JPMBB13C17
JPMBB13C17,,301410018,18,20161017,16000000,16000000,20161001,,0.0482,20231101,0.000113,,,,,0.000005,0.048082,,,,,64266.67,0,64266.67,,,,,,,,,,,16000000,0,0,0,0,N,,,,,,,,,,,2714565,528468,2186097,781911,2.8,1,20151231,2698871,538289,2160582,781912,2.76,1,20141231,1359498,258539,1100959,389884,2.82,1,20160101,20160630,20130926,29000000,,,,,,,YN,,20131230,20131230,1,,,,CREFC,20140528,2031971,2.6,2006456,2.57,1023897,2.63,N,,,,,,,,,,,,N,,16000000,H,,,,,,,,,,,,,,,,,,,,WF,S,20160913,20161011,N,,,,,,,,JPMBB13C17
JPMBB13C17,,301410019,19,20161017,15000000,15000000,20161001,,0.048475,20231101,0.000113,,,,,0.000005,0.048357,,,,,60593.75,0,60593.75,,,,,,,,,,,15000000,0,0,0,0,N,,,,,,,,,,,3492397,1813750,1678647,737224,2.28,0.95,20151231,3319421,1757755,1561666,737224,2.12,0.95,20141231,1808091,896844,911247,367602,2.48,0.96,20160101,20160630,20130822,22700000,,,,,,,YN,,20131230,20131230,1,,,,CREFC,,1573647,2.13,1456666,1.98,858747,2.34,X,,,,,,26254.58,,,,,,N,,15000000,S2,,,,,,,,,,,,,,,,,,,,WF,S,20160913,20161011,N,,,,,,,,JPMBB13C17
JPMBB13C17,,301410020,20,20161017,14091319.6,14071720.28,20161001,,0.0512,20240101,0.000113,,,,,0.000005,0.051082,,,,,60122.96,19599.32,79722.28,,,,,,,,,,,14071720.28,0,0,0,0,N,,,,,,,,,,,2538372,871188,1667184,956667,1.74,1,20151231,2462785,862726,1600059,937368,1.71,1,20141231,1313234,420290,892944,478333,1.87,1,20160101,20160630,20131111,19940000,,,,,,,YN,,20131230,20131230,1,,,,CREFC,,1648184,1.72,1581059,1.69,883444,1.85,N,,,,,,58088.11,,,,,,N,,14650000,N,,,,,,,,,,,,,,,,,,,,WF,S,20160913,20161011,N,,,,,,,,JPMBB13C17
JPMBB13C17,,301410021,21,20161017,13716637.78,13697024.87,20161005,,0.0502,20231105,0.000513,,,,,0.000005,0.049682,,,,,57381.27,19612.91,76994.18,,,,,,,,,,,13697024.87,0,0,0,0,N,,,,,,,,,,,2602249,1323875,1278374,923930,1.38,0.85,20151231,2563502,1166896,1396606,923930,1.51,0.96,20141231,2610356,1385429,1224927,923930,1.33,0.95,20150701,20160630,20131010,19100000,,,,,,,TN,,20131230,20131230,1,,,,CREFC,,1207374,1.31,1325606,1.43,1153927,1.25,X,,,,,250.59,55726.37,,,,,,N,,14310000,S2,,,,,,,,,,,,,,,,,,,,WF,S,20160913,20161011,N,,,,,,,,JPMBB13C17
JPMBB13C17,,301410024,24,20161017,12469411.43,12451828.73,20161001,,0.051024,20231101,0.000113,,,,,0.000005,0.050906,,,,,53019.94,17582.7,70602.64,,,,,,,,,,,12451828.73,0,0,0,0,N,,,,,,,,,,,3222935,1665309,1557626,847231,1.84,0.78,20151231,3212803,1758063,1454740,847231,1.72,0.83,20141231,3322601,1666594,1656007,847231,1.95,0.81,20150701,20160630,20130924,18100000,,,,,,,TN,,20131230,20131230,1,,,,CREFC,,1233827,1.46,1130941,1.33,1332208,1.57,N,,,,,8.49,502890.23,,,,,,N,,13000000,H,,,,,,,,,,,,,,,,,,,,WF,S,20160913,20161011,N,,,,,,,,JPMBB13C17
JPMBB13C17,,301410026,26,20161017,11333081.25,11317151.32,20161001,,0.050875,20231201,0.000113,,,,,0.000005,0.050757,,,,,48047.54,15929.93,63977.47,,,,,,,,,,,11317151.32,0,0,0,0,N,,,,,,,,,,,4514436,3078107,1436329,767730,1.87,0.79,20151231,3978461,2560729,1417732,767729,1.85,0.71,20141231,2339809,1573423,766386,383865,2,0.81,20160101,20160630,20131001,19000000,,,,,,,YN,,20131230,20131230,1,,,,CREFC,,1284435,1.67,1265838,1.65,690439,1.8,X,,,,,,460772.66,,,,,,N,,11800000,S1,,,,,,,,,,,,,,,,,,,,WF,S,20160913,20161011,N,,,,,,,,JPMBB13C17
JPMBB13C17,,301410027,27,20161017,11103443.93,11086306.24,20161001,,0.04563,20181101,0.000113,,,,,0.000005,0.045512,,,,,42220.85,17137.69,59358.54,,,,,,,,,,,11086306.24,0,0,0,0,N,,,,,,,,,,,3456625,1734502,1722123,712302,2.42,0.89,20151231,2390304,1897928,492376,712302,0.69,0.91,20141231,1597438,846107,751331,356151,2.11,0.83,20160101,20160630,20130619,15700000,,,,,,,YN,,20131230,20131230,1,,,,CREFC,,1570017,2.2,340270,0.48,675278,1.9,N,,,,,10.09,172444.55,,,,,,N,,11629000,S2,,,,,,,,,,,,,,,,,,,,WF,S,20160913,20161011,N,,,,,,,,JPMBB13C17
JPMBB13C17,,301410028,28,20161017,11028259.06,11012257.55,20161001,,0.049,20231201,0.000113,,,,,0.000005,0.048882,,,,,45032.06,16001.51,61033.57,,,,,,,,,,,11012257.55,0,0,0,0,N,,,,,,,,,,,1257048,213967,1043081,732402,1.42,1,20151231,1260191,196054,1064137,732402,1.45,1,20141231,640610,106671,533939,366201,1.46,1,20160101,20160630,20130924,17080000,,,,,,,YN,,20131230,20131230,1,,,,CREFC,,984218,1.34,1005274,1.37,504508,1.38,N,,,,,38.01,186920.25,,,,,,N,,11500000,S1,,,,,,,,,,,,,,,,,,,,WF,S,20160913,20161011,N,,,,,,,,JPMBB13C17
JPMBB13C17,,301410029,29,20161017,10760455.72,10745439.67,20161005,,0.0513,20231205,0.000113,,,,,0.000005,0.051182,,,,,46000.95,15016.05,61017,,,,,,,,,,,10745439.67,0,0,0,0,N,,,,,,,,,,,3758424,2483187,1275237,732204,1.74,0.71,20151231,,,,,,,,1686130,1180994,505136,366102,1.38,0.65,20160101,20160630,20131031,16500000,,,,,,,YN,,20131230,20131230,1,,,,CREFC,,1125028,1.54,,,430032,1.17,N,,,,,,100774.75,20161011,,,,,N,,11200000,S2,,,,,,,,,,,,,,,,,,,,WF,S,20160913,20161011,N,,,,,,,,JPMBB13C17
JPMBB13C17,,301410030,30,20161017,10050309.21,10035521.57,20161005,,0.0485,20231105,0.000413,,,,,0.000005,0.048082,,,,,40620,14787.64,55407.64,,,,,,,,,,,10035521.57,0,0,0,0,N,,,,,,,,,,,2071835,877790,1194045,664892,1.8,0.9,20151231,2051009,977523,1073486,664892,1.61,0.93,20141231,1028506,424518,603988,332446,1.82,0.92,20160101,20160630,20131009,14500000,,,,,,,YN,,20131230,20131230,1,,,,CREFC,20150720,1136045,1.71,1015486,1.53,574988,1.73,X,,,,,36.53,20204.57,,,,,,N,,10500000,S2,,,,,,,,,,,,,,,,,,,,WF,S,20160913,20161011,N,,,,,,,,JPMBB13C17
JPMBB13C17,,301410031,31,20161017,9572537.27,9552217.38,20161001,,0.04722,20200731,0.000113,,,,,0.000005,0.047102,,,,,37667.93,20319.89,57987.82,,,,,,,,,,,9552217.38,0,0,0,0,N,,,,,,,,,,,2350520,867472,1483048,695853,2.13,0.97,20151231,2119633,915169,1204464,695854,1.73,0.97,20141231,2318301,853132,1465169,695853,2.11,0.94,20150701,20160630,20130908,14040000,,,,,,20181101,TN,,20131230,20131230,1,,,,CREFC,,1295808,1.86,1017224,1.46,1277929,1.84,N,,,,,81.58,123833.23,,,,,,N,,10200000,H,,,,,,,,,,,,,,,,,,,,WF,S,20160913,20161011,N,,,,,,,,JPMBB13C17
JPMBB13C17,,301410033,33,20161017,9653744.41,9642038.99,20161001,,0.052,20231201,0.000113,,,,,0.000005,0.051882,,,,,41832.89,11705.42,53538.31,,,,,,,,,,,9642038.99,0,0,0,0,N,,,,,,,,,,,1553733,549707,1004026,514041,1.95,0.93,20151231,1491914,565530,926384,514041,1.8,0.94,20141231,819386,311276,508110,321230,1.58,0.99,20160101,20160630,20130822,13000000,,,,,,,YN,,20131230,20131230,1,,,,CREFC,,964766,1.88,887124,1.73,488480,1.52,N,,,,,3.56,18660.55,,,,,,N,,9750000,S2,,,,,,,,,,,,,,,,,,,,WF,S,20160913,20161011,N,,,,,,,,JPMBB13C17
JPMBB13C17,,301410035,35,20161017,9079134.34,9066464.54,20161005,,0.0513,20231205,0.000688,,,,,0.000005,0.050607,,,,,38813.3,12669.8,51483.1,,,,,,,,,,,9066464.54,0,0,0,0,N,,,,,,,,,,,983231,292315,690916,617797,1.12,0.39,20151231,1126912,254233,872679,617797,1.41,0.91,20141231,277180,122104,155076,308899,0.5,0.39,20160101,20160630,20131022,12800000,,,,,,,YN,,20131230,20131230,1,,,,CREFC,,599924,0.97,781687,1.27,109580,0.35,N,,,,,,544822.88,20160311,,,,,N,,9450000,N,,,,,,,,,,,,,,,,,,,,WF,S,20160913,20161011,N,,,,,,,,JPMBB13C17
JPMBB13C17,,301410038,38,20161017,8906576.92,8895296.6,20161005,,0.0496,20231205,0.000313,,,,,0.000005,0.049282,,,,,36813.85,11280.32,48094.17,,,,,,,,,,,8895296.6,0,0,0,0,N,,,,,,,,,,,925309,147469,777840,452600,1.72,0.86,20151231,862923,197467,665456,452600,1.47,1,20141231,469166,72254,396912,288565,1.38,0.86,20160101,20160630,20131125,12200000,,,,,,,YN,,20131230,20131230,1,,,,CREFC,,767517,1.7,655133,1.45,391751,1.36,N,,,,,2.83,29257.82,,,,,,N,,9000000,S2,,,,,,,,,,,,,,,,,,,,WF,S,20160913,20161011,N,,,,,,,,JPMBB13C17
JPMBB13C17,,301410039,39,20161017,8700000,8700000,20161001,,0.0506,20231001,0.000113,,,,,0.000005,0.050482,,,,,36685,0,36685,,,,,,,,,,,8700000,0,0,0,0,N,,,,,,,,,,,1782888,823225,959663,446335,2.15,0.89,20151231,1726075,653259,1072816,446334,2.4,0.9,20141231,416007,213297,202710,111278,1.82,0.85,20160101,20160331,20130910,14600000,,,,,,,YN,,20131230,20131230,1,,,,CREFC,,930663,2.09,1043816,2.34,195460,1.76,X,,,,,,155383.75,,,,,,N,,8700000,S2,,,,,,,,,,,,,,,,,,,,WF,S,20160913,20161011,N,,,,,,,,JPMBB13C17
JPMBB13C17,,301410042,42,20161017,7881301.7,7870396.81,20161005,,0.0518,20231205,0.000488,,,,,0.000005,0.051307,,,,,34020.95,10904.89,44925.84,,,,,,,,,,,7870396.81,0,0,0,0,N,,,,,,,,,,,1338974,388308,950666,539110,1.76,0.92,20151231,1285002,410489,874513,539110,1.62,0.92,20141231,658150,197975,460175,269555,1.71,1,20160101,20160630,20131022,11400000,,,,,,,YN,,20131230,20131230,1,,,,CREFC,,886290,1.64,874513,1.62,427986,1.59,N,,,,,,10250.15,,,,,,N,,8200000,N,,,,,,,,,,,,,,,,,,,,WF,S,20160913,20161011,N,,,,,,,,JPMBB13C17
JPMBB13C17,,301410045,45,20161017,7201072.31,7190885.7,20161005,,0.0505,20231205,0.000713,,,,,0.000005,0.049782,,,,,30304.51,10186.61,40491.12,,,,,,,,,,,7190885.7,0,0,0,0,N,,,,,,,,,,,1095094,362954,732140,485893,1.51,1,20151231,1189971,392320,797651,485893,1.64,0.86,20141231,398623,199433,199190,242947,0.82,1,20160101,20160630,20131104,10500000,,,,,,,YN,,20131230,20131230,1,,,,CREFC,,661820,1.36,727331,1.5,164030,0.68,N,,,,,0.12,519543.29,20160811,,,,,N,,7500000,S1,,,,,,,,,,,,,,,,,,,,WF,S,20160913,20161011,N,,,,,,,,JPMBB13C17
JPMBB13C17,,301410046,46,20161017,6889939.19,6879961.16,20161001,,0.04974,20231001,0.000113,,,,,0.000005,0.049622,,,,,28558.8,9978.03,38536.83,,,,,,,,,,,6879961.16,0,0,0,0,N,,,,,,,,,,,2666900,1393083,1273817,462441,2.75,0.61,20151231,2130824,1216901,913923,462442,1.98,0.53,20141231,1377733,712142,665591,231220,2.88,0.61,20160101,20160630,20130701,12750000,,,,,,,YN,,20131230,20131230,1,,,,CREFC,,1185512,2.56,825618,1.79,621439,2.69,X,,,,,49.33,221255.22,,,,,,N,,7200000,N,,,,,,,,,,,,,,,,,,,,WF,S,20160913,20161011,N,,,,,,,,JPMBB13C17
JPMBB13C17,,301410047,47,20161017,6820819.4,6811284.82,20161001,,0.0512,20231201,0.000113,,,,,0.000005,0.051082,,,,,29102.16,9534.58,38636.74,,,,,,,,,,,6811284.82,0,0,0,0,N,,,,,,,,,,,1306821,555490,751331,463641,1.62,0.86,20151231,1315971,563231,752740,463641,1.62,0.89,20141231,670736,251661,419075,231821,1.81,0.79,20160101,20160630,20130620,12100000,,,,,,,YN,,20131230,20131230,1,,,,CREFC,,733439,1.58,734848,1.58,410129,1.77,N,,,,,,136894,,,,,,N,,7100000,S2,,,,,,,,,,,,,,,,,,,,WF,S,20160913,20161011,N,,,,,,,,JPMBB13C17
JPMBB13C17,,301410048,48,20161017,6719725.05,6710594.86,20161001,,0.0535,20231001,0.000113,,,,,0.000005,0.053382,,,,,29958.77,9130.19,39088.96,,,,,,,,,,,6710594.86,0,0,0,0,N,,,,,,,,,,,1387491,354431,1033060,469067,2.2,1,20151231,1244737,303363,941374,469067,2.01,1,20141231,839492,170270,669222,234533,2.85,1,20160101,20160630,20130409,10900000,,,,,,,YN,,20131230,20131230,1,,,,CREFC,,1002060,2.14,910374,1.94,653722,2.79,N,,,,,4.52,93065.89,,,,,,N,,7000000,S2,,,,,,,,,,,,,,,,,,,,WF,S,20160913,20161011,N,,,,,,,,JPMBB13C17
JPMBB13C17,,301410049,49,20161017,6585087.21,6574833.86,20161001,,0.0451,20181101,0.000113,,,,,0.000005,0.044982,,,,,24748.95,10253.35,35002.3,,,,,,,,,,,6574833.86,0,0,0,0,N,,,,,,,,,,,1132661,654562,478099,420028,1.14,0.92,20151231,1206943,659549,547394,420028,1.3,0.81,20141231,633133,316429,316704,210014,1.51,0.93,20160101,20160630,20130723,9600000,,,,,,,YN,,20131230,20131230,1,,,,CREFC,,441178,1.05,510473,1.22,298243,1.42,X,,,,,12.46,21504,,,,,,N,,6900000,SF,,,,,,,,,,,,,,,,,,,,WF,S,20160913,20161011,N,,,,,,,,JPMBB13C17
JPMBB13C17,,301410050,50,20161017,5379162.79,5371803.57,20161001,,0.0528,20231101,0.000113,,,,,0.000005,0.052682,,,,,23668.32,7359.22,31027.54,,,,,,,,,,,5371803.57,0,0,0,0,N,,,,,,,,,,,925243,282036,643207,372330,1.73,0.98,20151231,893789,296437,597352,372330,1.6,0.97,20141230,457666,114203,343463,186165,1.84,1,20160101,20160630,20130827,7200000,,,,,,,YN,,20131230,20131230,1,,,,CREFC,,618407,1.66,572552,1.54,331063,1.78,N,,,,,0.05,,,,,,,N,,5600000,S2,,,,,,,,,,,,,,,,,,,,WF,S,20160913,20161011,N,,,,,,,,JPMBB13C17
JPMBB13C17,,301410051,51,20161017,4945322.42,4938510.39,20161001,,0.0524,20231101,0.000113,,,,,0.000005,0.052282,,,,,21594.57,6812.03,28406.6,,,,,,,,,,,4938510.39,0,0,0,0,N,,,,,,,,,,,680565,229359,451206,340879,1.32,1,20150930,659352,238307,421045,340879,1.24,1,20140930,175171,74004,101167,85219,1.19,1,20160101,20160331,20130829,8300000,,,,,,,YN,,20131230,20131230,1,,,,CREFC,,437864,1.28,407703,1.2,97832,1.15,N,,,,,,1435,,,,,,N,,5150000,S2,,,,,,,,,,,,,,,,,,,,WF,S,20160913,20161011,N,,,,,,,,JPMBB13C17
JPMBB13C17,,301410053,53,20161017,4616694.47,4610404.18,20161005,,0.0527,20231205,0.000788,,,,,0.000005,0.051907,,,,,20274.98,6290.29,26565.27,,,,,,,,,,,4610404.18,0,0,0,0,N,,,,,,,,,,,,,,,,,,679568,230344,449224,318783,1.41,1,20141231,350194,118274,231920,159392,1.46,1,20160101,20160630,20131007,6910000,,,,,,,YN,,20131230,20131230,1,,,,CREFC,,,,440824,1.38,227720,1.43,N,,,,,,19121.29,,,,,,N,,4800000,N,,,,,,,,,,,,,,,,,,,,WF,S,20160913,20161011,N,,,,,,,,JPMBB13C17
JPMBB13C17,,301410055,55,20161017,4017651.36,4012319.91,20161001,,0.0526,20231101,0.000113,,,,,0.000005,0.052482,,,,,17610.71,5331.45,22942.16,,,,,,,,,,,4012319.91,0,0,0,0,N,,,,,,,,,,,861942,342038,519904,275306,1.89,0.9,20151231,781859,318999,462860,252156,1.84,0.94,20141231,213190,82661,130529,68826,1.9,0.94,20160101,20160331,20130809,5700000,,,,,,,YN,,20131230,20131230,1,,,,CREFC,20160502,509027,1.85,451983,1.79,127810,1.86,N,,,,,,32051.25,,,,,,N,,4150000,N,,,,,,,,,,,,,,,,,,,,WF,S,20160913,20161011,N,,,,,,,,JPMBB13C17
JPMBB13C17,,301410057,57,20161017,3562270.35,3557523.93,20161001,,0.054,20231201,0.000113,,,,,0.000005,0.053882,,,,,16030.22,4746.42,20776.64,,,,,,,,,,,3557523.93,0,0,0,0,N,,,,,,,,,,,688036,231812,456224,249319,1.83,0.87,20151231,679170,236121,443049,249320,1.78,0.88,20141231,352300,109881,242419,124660,1.94,0.87,20160101,20160630,20131015,6150000,,,,,,,YN,,20131230,20131230,1,,,,CREFC,,410699,1.65,397524,1.59,219656,1.76,N,,,,,2.45,72541.24,,,,,,N,,3700000,S2,,,,,,,,,,,,,,,,,,,,WF,S,20160913,20161011,N,,,,,,,,JPMBB13C17
JPMBB13C17,,301410060,60,20161017,3178128.8,3173923.32,20161001,,0.0544,20231201,0.000113,,,,,0.000005,0.054282,,,,,14407.52,4205.48,18613,,,,,,,,,,,3173923.32,0,0,0,0,N,,,,,,,,,,,667011,264807,402204,223356,1.8,0.89,20151231,681018,248713,432305,223356,1.94,0.94,20141231,290662,119195,171467,111678,1.54,0.87,20160101,20160630,20131004,4500000,,,,,,,YN,,20131230,20131230,1,,,,CREFC,,367804,1.65,397905,1.78,154267,1.38,N,,,,,,55993.43,,,,,,N,,3300000,S2,,,,,,,,,,,,,,,,,,,,WF,S,20160913,20161011,N,,,,,,,,JPMBB13C17
JPMBB13C17,,301410062,62,20161017,2674461.09,2670370.83,20161001,,0.0474,20230701,0.000113,,,,,0.000005,0.047282,,,,,10564.12,4090.26,14654.38,,,,,,,,,,,2670370.83,0,0,0,0,N,,,,,,,,,,,904939,542599,362340,175852,2.06,0.97,20151231,857679,560787,296892,175853,1.69,0.96,20141231,223637,139072,84565,43963,1.92,0.98,20160101,20160331,20130425,3780000,,,,,,,YN,,20131230,20131230,1,,,,CREFC,,335340,1.91,269892,1.53,77815,1.77,N,,,,,56.55,34234.29,20151013,,,,,N,,2812500,S2,,,,,,,,,,,,,,,,,,,,WF,S,20160913,20161011,N,,,,,,,,JPMBB13C17
JPMBB13C17,,301410063,63,20161017,2594629.87,2591182.24,20161001,,0.0548,20231001,0.000113,,,,,0.000005,0.054682,,,,,11848.81,3447.63,15296.44,,,,,,,,,,,2591182.24,0,0,0,0,N,,,,,,,,,,,443726,129881,313845,183557,1.71,1,20151231,371019,131951,239068,183557,1.3,0.97,20141231,254918,65176,189742,91779,2.07,1,20160101,20160630,20130617,3600000,,,,,,,YN,,20131230,20131230,1,,,,CREFC,,282647,1.54,207870,1.13,174143,1.9,N,,,,,,93595.32,,,,,,N,,2700000,S1,,,,,,,,,,,,,,,,,,,,WF,S,20160913,20161011,N,,,,,,,,JPMBB13C17
JPMBB13C17,,301410064,64,20161017,2022752.69,2020085.29,20161001,,0.0546,20231201,0.000113,,,,,0.000005,0.054482,,,,,9203.52,2667.4,11870.92,,,,,,,,,,,2020085.29,0,0,0,0,N,,,,,,,,,,,367148,99376,267772,142451,1.88,1,20151231,374888,92741,282147,142452,1.98,1,20141231,275361,74251,201110,106838,1.88,1,20160101,20160930,20130626,2800000,,,,,,,YN,,20131230,20131230,1,,,,CREFC,,226604,1.59,240979,1.69,170234,1.59,N,,,,,12.68,130773.78,,,,,,N,,2100000,S2,,,,,,,,,,,,,,,,,,,,WF,S,20160913,20161011,N,,,,,,,,JPMBB13C17
JPMBB13C17,,883100149,58,20161017,3250900.47,3244654.77,20161006,,0.055625,20230906,0.000113,,,,,0.000005,0.055507,,,,,15069.28,6245.7,21314.98,,,,,,,,,,,3244654.76,0,0,0,0,N,,,,,,,,,,,1024268,598386,425882,255780,1.67,0.99,20151231,989885,585556,404329,255780,1.58,0.97,20141231,534353,307119,227234,127890,1.78,0.84,20160101,20160630,20130725,5300000,,,,,,,YN,,20131230,20131230,1,,,,CREFC,,368282,1.44,346729,1.36,198434,1.55,N,,,,,,40382.53,20150911,,,,,N,,3450000,S1,,,,,,,,,,,,,,,,,,,,WF,S,20160913,20161011,N,,,,,,,,JPMBB13C17
JPMBB13C17,,883100154,37,20161017,3488333.73,3481683.61,20161006,,0.0562,20230906,0.000113,,,,,0.000005,0.056082,,,,,16337.03,6650.12,22987.15,,,,,,,,,,,3481683.61,0,0,0,0,N,,,,,,,,,,,1380826,903144,477682,275846,1.73,0.98,20151231,1326127,905712,420415,275846,1.52,0.98,20141231,695687,448533,247154,137923,1.79,0.96,20160101,20160630,20130814,5800000,,,,,,,YN,,20131230,20131230,1,,,,CREFC,,405682,1.47,348415,1.26,211154,1.53,N,,,,,,116298.46,,,,,,N,,3700000,S1,,,,,,,,,,,,,,,,,,,,WF,S,20160913,20161011,N,,,,,,,,JPMBB13C17
JPMBB13C17,,883100155,36,20161017,5138221.25,5128425.8,20161006,,0.0562,20230906,0.000113,,,,,0.000005,0.056082,,,,,24064,9795.45,33859.45,,,,,,,,,,,5128425.8,0,0,0,0,N,,,,,,,,,,,1877232,1084674,792558,406313,1.95,0.98,20151231,1762740,1173758,588982,406313,1.45,0.98,20141231,945872,543210,402662,203157,1.98,0.94,20160101,20160630,20130814,8300000,,,,,,,YN,,20131230,20131230,1,,,,CREFC,,698158,1.72,494582,1.22,355462,1.75,N,,,,,,165941.18,,,,,,N,,5450000,S1,,,,,,,,,,,,,,,,,,,,WF,S,20160913,20161011,N,,,,,,,,JPMBB13C17
JPMBB13C17,,883100157,25,20161017,11329043.69,11307413.83,20161006,,0.0556,20231006,0.000113,,,,,0.000005,0.055482,,,,,52491.24,21629.86,74121.1,,,,,,,,,,,11307413.82,0,75986.83,0,0,N,,,,,,,,,,,11120001,9729149,1390852,889453,1.56,0.55,20151231,11075163,9491486,1583677,889453,1.78,0.54,20141228,5123026,4734582,388444,444727,0.87,0.48,20160101,20160626,20130816,21600000,,,,,,,YN,,20131230,20131230,1,,,,CREFC,,930156,1.05,1122981,1.26,158096,0.36,N,,,,,,209832.1,20150511,,,,,N,,12000000,S2,,,,,,,,,,,,,,,,,,,,WF,S,20160913,20161011,N,,,,,,,,JPMBB13C17
JPMBB13C17,,883100162,15,20161017,23607049.42,23575287.51,20161006,,0.0485,20181006,0.000513,,,,,0.000005,0.047982,,,,,95411.82,31761.91,127173.73,,,,,,,,,,,23575287.51,0,0,0,0,N,,,,,,,,,,,6823158,3592939,3230219,1410253,2.29,0.87,20151231,6138418,3504935,2633483,1185085,2.22,0.89,20141231,3562802,1700141,1862661,763042,2.44,0.88,20160101,20160630,20130826,34350000,,,,,,,YN,,20131230,20131230,1,,,,CREFC,20150721,3030719,2.15,2433983,2.05,1762911,2.31,N,,,,,,2712108.83,20160613,,,,,N,,24100000,S1,,,,,,,,,,,,,,,,,,,,WF,S,20160913,20161011,N,,,,,,,,JPMBB13C17
JPMBB13C17,,883100163,59,20161017,3165825.02,3159870.12,20161006,,0.0567,20231006,0.000113,,,,,0.000005,0.056582,,,,,14958.52,5954.9,20913.42,,,,,,,,,,,3159870.13,0,0,0,0,N,,,,,,,,,,,2359355,1481591,877764,250961,3.5,0.78,20151231,2118289,1444870,673419,250961,2.68,0.73,20141231,507243,339917,167326,62740,2.67,0.78,20160101,20160331,20130726,6500000,,,,,,,YN,,20131230,20131230,1,,,,CREFC,,807463,3.22,603118,2.4,149751,2.39,N,,,,,,148270.05,,,,,,N,,3350000,S1,,,,,,,,,,,,,,,,,,,,WF,S,20160913,20161011,N,,,,,,,,JPMBB13C17
JPMBB13C17,,883100164,6,20161017,46000000,46000000,20161006,,0.04955,20231106,0.000113,,,,,0.000005,0.049432,,,,,189941.67,0,189941.67,,,,,,,,,,,46000000,0,0,0,0,N,,,,,,,,,,,7488811,2165060,5323751,2310957,2.3,0.99,20151231,7143176,2124030,5019146,2310957,2.17,0.98,20141231,3623508,1212218,2411290,1158644,2.08,1,20160101,20160630,20130924,64600000,,,,,,,YN,,20131230,20131230,1,,,,CREFC,,4990783,2.16,4686178,2.03,2244807,1.94,N,,,,,,98230.76,,,,,,N,,46000000,S2,,,,,,,,,,,,,,,,,,,,WF,S,20160913,20161011,N,,,,,,,,JPMBB13C17
JPMBB13C17,,883100165,61,20161017,2831073.52,2826942.8,20161006,,0.049,20181106,0.000113,,,,,0.000005,0.048882,,,,,11560.22,4130.72,15690.94,,,,,,,,,,,2826942.8,0,0,0,0,N,,,,,,,,,,,614569,206635,407934,188291,2.17,0.89,20151231,577882,187519,390363,188291,2.07,0.89,20141231,624886,250712,374174,188291,1.99,0.94,20150701,20160630,20130730,4050000,,,,,,,TN,,20131230,20131230,1,,,,CREFC,20150507,399601,2.12,382030,2.03,365841,1.94,N,,,,,,0.9,,,,,,N,,2956500,S1,,,,,,,,,,,,,,,,,,,,WF,S,20160913,20161011,N,,,,,,,,JPMBB13C17
JPMBB13C17,,883100166,52,20161017,4929818.52,4923279.59,20161006,,0.049,20181106,0.000513,,,,,0.000005,0.048482,,,,,20130.09,6538.93,26669.02,,,,,,,,,,,4923279.59,0,0,0,0,N,,,,,,,,,,,1506915,893378,613537,289960,2.12,0.93,20151231,1409740,818183,591557,249645,2.37,0.94,20141231,794677,410981,383696,160014,2.4,0.92,20160101,20160630,20130828,6870000,,,,,,,YN,,20131230,20131230,1,,,,CREFC,,573537,1.98,551557,2.21,363696,2.27,N,,,,,,32712.52,,,,,,N,,5025000,S2,,,,,,,,,,,,,,,,,,,,WF,S,20160913,20161011,N,,,,,,,,JPMBB13C17
JPMBB13C17,,883100167,43,20161017,7725835.03,7715587.46,20161006,,0.049,20181106,0.000513,,,,,0.000005,0.048482,,,,,31547.16,10247.57,41794.73,,,,,,,,,,,7715587.47,0,0,0,0,N,,,,,,,,,,,2418544,1325402,1093142,454416,2.41,0.96,20151231,2184254,1225249,959005,391234,2.45,0.92,20141231,1266503,651044,615459,227208,2.71,0.95,20160101,20160630,20130828,10550000,,,,,,,YN,,20131230,20131230,1,,,,CREFC,,1005262,2.21,871125,2.23,571519,2.52,N,,,,,,111866.21,,,,,,N,,7875000,S1,,,,,,,,,,,,,,,,,,,,WF,S,20160913,20161011,N,,,,,,,,JPMBB13C17
JPMBB13C17,,883100168,56,20161017,3988002.47,3982712.77,20161006,,0.049,20181106,0.000513,,,,,0.000005,0.048482,,,,,16284.34,5289.7,21574.04,,,,,,,,,,,3982712.77,0,0,0,0,N,,,,,,,,,,,1323025,762527,560498,234565,2.39,0.93,20151231,1213009,712944,500065,201951,2.48,0.99,20141231,704103,361860,342243,129444,2.64,0.92,20160101,20160630,20130828,5440000,,,,,,,YN,,20131230,20131230,1,,,,CREFC,,524498,2.24,464065,2.3,324243,2.5,N,,,,,,56963.09,,,,,,N,,4065000,S1,,,,,,,,,,,,,,,,,,,,WF,S,20160913,20161011,N,,,,,,,,JPMBB13C17
JPMBB13C17,,883100169,40,20161017,8219446.04,8207553.78,20161006,,0.0495,20231106,0.000613,,,,,0.000005,0.048882,,,,,33905.21,11892.26,45797.47,,,,,,,,,,,8207553.78,0,0,0,0,N,,,,,,,,,,,1327414,582526,744888,549569,1.36,0.96,20151231,1306256,548645,757611,549569,1.38,0.9,20141231,331382,132947,198435,137392,1.44,0.96,20160101,20160331,20130827,11630000,,,,,,,YN,,20131230,20131230,1,,,,CREFC,,718859,1.31,731582,1.33,191928,1.4,N,,,,,,75153.76,,,,,,N,,8580000,S2,,,,,,,,,,,,,,,,,,,,WF,S,20160913,20161011,N,,,,,,,,JPMBB13C17
JPMBB13C17,,883100170,34,20161017,9066690.43,9049124.86,20161006,,0.05408,20231106,0.000113,,,,,0.000005,0.053962,,,,,40860.55,17565.57,58426.12,,,,,,,,,,,9049124.86,0,0,0,0,N,,,,,,,,,,,2349361,1167004,1182357,701113,1.69,0.7,20151231,2190201,1053160,1137041,701113,1.62,0.66,20141231,1126356,562402,563954,350556,1.61,0.73,20160101,20160630,20130717,15000000,,,,,,,YN,,20131230,20131230,1,,,,CREFC,,987039,1.41,941723,1.34,466295,1.33,N,,,,,,100205.37,,,,,,N,,9600000,S1,,,,,,,,,,,,,,,,,,,,WF,S,20160913,20161011,N,,,,,,,,JPMBB13C17
JPMBB13C17,,883100171,17,20161017,17377172.13,17324664.13,20161006,,0.05121,20231106,0.000113,,,,,0.000005,0.051092,,,,,74157.08,52508,126665.08,,,,,,,,,,,17324664.13,0,0,0,0,N,,,,,,,,,,,3332506,948332,2384174,1519980,1.57,0.98,20151231,3214831,1068984,2145847,1519980,1.41,0.98,20141231,738698,238866,499832,379995,1.32,0.98,20160101,20160331,20130614,28500000,,,,,,,YN,,20131230,20131230,1,,,,CREFC,,2138317,1.41,1899990,1.25,438369,1.15,N,,,,,,394059.57,,,,,,N,,19000000,S1,,,,,,,,,,,,,,,,,,,,WF,S,20160913,20161011,N,,,,,,,,JPMBB13C17
JPMBB13C17,,883100172,5,20161017,46387607.58,46325138.18,20161006,,0.049655,20231206,0.000113,,,,,0.000005,0.049537,,,,,191948.05,62469.4,254417.45,,,,,,,,,,,46325138.18,0,0,0,0,N,,,,,,,,,,,13056582,6545807,6510775,3053009,2.13,0.81,20151231,12773272,6298761,6474511,2395398,2.7,0.85,20141231,6744351,3294305,3450046,1526505,2.26,0.82,20160101,20160630,20131023,73200000,,,,,,,YN,,20131230,20131230,1,,,,CREFC,,6052671,1.98,6016407,2.51,3220994,2.11,N,,,,,,560183.47,,,,,,N,,47580000,S1,,,,,,,,,,,,,,,,,,,,WF,S,20160913,20161011,N,,,,,,,,JPMBB13C17
JPMBB13C17,,883100173,23,20161017,13080430.03,13063024.65,20161006,,0.05442,20231106,0.000113,,,,,0.000005,0.054302,,,,,59319.75,17405.38,76725.13,,,,,,,,,,,13063024.65,0,0,0,0,N,,,,,,,,,,,3183284,1399798,1783486,920701,1.94,0.98,20151231,2894631,1467952,1426679,920702,1.55,0.96,20141231,1668488,697801,970687,460350,2.11,0.95,20160101,20160630,20131030,23200000,,,,,,,YN,,20131230,20131230,1,,,,CREFC,,1692011,1.84,1335204,1.45,924950,2.01,N,,,,,,488090.1,,,,,,N,,13600000,S1,,,,,,,,,,,,,,,,,,,,WF,S,20160913,20161011,N,,,,,,,,JPMBB13C17
JPMBB13C17,,883100180,16,20161017,21000000,21000000,20161006,,0.04836,20231206,0.000113,,,,,0.000005,0.048242,,,,,84630,0,84630,,,,,,,,,,,21000000,0,0,0,0,N,,,,,,,,,,,3881750,1781319,2100431,1029665,2.04,0.93,20151231,3417828,1570323,1847505,1029665,1.79,0.8,20141231,1056585,416795,639790,256711,2.49,0.93,20160101,20160331,20130916,30000000,,,,,,,YN,,20131230,20131230,1,,,,CREFC,,1864655,1.81,1611729,1.57,580848,2.26,X,,,,,,144257.92,,,,,,N,,21000000,S2,,,,,,,,,,,,,,,,,,,,WF,S,20160913,20161011,N,,,,,,,,JPMBB13C17
JPMBB13C17,,883100181,14,20161017,24337434.01,24305851.11,20161006,,0.04825,20231206,0.000613,,,,,0.000005,0.047632,,,,,97856.77,31582.9,129439.67,,,,,,,,,,,24305851.11,0,0,0,0,N,,,,,,,,,,,3604271,1546619,2057652,1203435,1.71,0.89,20151231,4183461,1458574,2724887,1203435,2.26,0.85,20141231,1733760,762873,970887,776638,1.25,0.85,20160101,20160630,20131021,40500000,,,,,,,YN,,20131230,20131230,1,,,,CREFC,,1924163,1.6,2591398,2.15,904143,1.16,X,,,,,,481523.29,20161011,,,,,N,,24600000,S2,,,,,,,,,,,,,,,,,,,,WF,S,20160913,20161011,N,,,,,,,,JPMBB13C17
JPMBB13C17,,883100182,22,20161017,13253889.73,13235258.31,20161006,,0.05087,20231206,0.000113,,,,,0.000005,0.050752,,,,,56185.45,18631.42,74816.87,,,,,,,,,,,13235258.31,0,0,0,0,N,,,,,,,,,,,3137581,1654697,1482884,897802,1.65,0.91,20151231,3106318,1601454,1504864,897802,1.68,0.94,20141231,1683816,835286,848530,448901,1.89,0.97,20160101,20160630,20131008,18500000,,,,,,,YN,,20131230,20131230,1,,,,CREFC,,1206386,1.34,1228366,1.37,710282,1.58,N,,,,,,421944.49,,,,,,N,,13800000,S2,,,,,,,,,,,,,,,,,,,,WF,S,20160913,20161011,N,,,,,,,,JPMBB13C17
JPMBB13C17,,883100183,54,20161017,4133527.47,4127827.65,20161006,,0.052,20231206,0.000113,,,,,0.000005,0.051882,,,,,17911.95,5699.82,23611.77,,,,,,,,,,,4127827.65,0,0,0,0,N,,,,,,,,,,,1053063,334313,718750,283341,2.54,0.88,20151231,1013479,321427,692052,283341,2.44,0.85,20141231,890027,273121.08,616905.92,212505.75,2.9,0.88,20160101,20160930,20131009,7700000,,,,,,,YN,,20131230,20131230,1,,,,CREFC,,712479,2.51,685781,2.42,612202.67,2.88,N,,,,,,17778.66,,,,,,N,,4300000,S1,,,,,,,,,,,,,,,,,,,,WF,S,20160913,20161011,N,,,,,,,,JPMBB13C17
JPMBB13C17,,883100184,41,20161017,8242639.04,8232626.38,20161006,,0.0519,20231206,0.000113,,,,,0.000005,0.051782,,,,,35649.41,10012.66,45662.07,,,,,,,,,,,8232626.38,0,0,0,0,N,,,,,,,,,,,1068096,222636,845460,438069,1.93,0.83,20151231,1013455,249262,764193,438068,1.74,0.88,20141231,,,,,,,,,,11100000,,,,,,,,,20131230,20131230,3,,,,CREFC,,826060,1.89,744793,1.7,,,N,,,,,,55033.83,,,,,,N,,8325000,S1,,,,,,,,,,,,,,,,,,,,WF,S,20160913,20161011,N,,,,,,,,JPMBB13C17
JPMBB13C17,,883100186,32,20161017,9522154.69,9509187.34,20160906,,0.05273,20231206,0.000113,,,,,0.000005,0.052612,,,,,41841.93,12967.35,54809.28,,,,,,,,,,,9522154.7,54769.6,0,0,B,N,,,,,,,,,,,1495034,639352,855682,657711,1.3,0.79,20151231,1602897,605834,997063,657711,1.52,0.93,20141231,767962,341944,426018,328855,1.3,0.64,20160101,20160630,20131025,13200000,,,,,,,YN,,20131230,20131230,1,,,,CREFC,,735524,1.12,876905,1.33,365939,1.11,N,,,,,,114445.64,20160711,,,,,N,,9900000,S1,,,,,,,,,,,,,,,,,,,,WF,S,20160913,20161011,N,,,,,,,,JPMBB13C17
JPMBB13C17,,883100187,44,20161017,7061168.1,7039912.56,20161006,,0.05086,20231206,0.000113,,,,,0.000005,0.050742,,,,,29927.58,21255.54,51183.12,,,,,,,,,,,7039912.56,0,0,0,0,N,,,,,,,,,,,951905,168371,783534,614197,1.28,1,20151228,1011331,244551,766780,614197,1.25,1,20141231,726711,125978,600733,460648,1.3,1,20160101,20160930,20131010,11850000,,,,,,,YN,,20131230,20131230,1,,,,CREFC,20150224,741540,1.21,724786,1.18,569239,1.24,N,,,,,,94706.55,,,,,,N,,7700000,S2,,,,,,,,,,,,,,,,,,,,WF,S,20160913,20161011,N,,,,,,,,JPMBB13C17
