JPMBB13C17,,301410001,1,20180216,111845093.4,111667082,20180201,,0.04366,20240101,0.000113,,,,,0.000005,0.043542,,,,,420494.06,178011.41,598505.47,,0,,,,,,0,,0,111667082,0,0,0,0,N,,,,,,,,,,,34335056,11571783,22763273,13167120,1.7287,0.95,20161231,32881212,11354670,21526542,13167120,1.6348,0.93,20151231,26861974,9653661,17208313,9875340,1.7425,0.95,20170101,20170930,20131115,366000000,,,,,,,YN,,20131230,20131230,1,,,,CREFC,,21863571,1.6604,20626840,1.5665,16533537,1.6742,X,,,,,0,4875000,,0,0,0,,N,,220000000,S2,,,,,,,,,,,0,,,,0,,,,,WF,S,20180112,20180212,N,,,,,,,0,JPMBB13C17
JPMBB13C17,,301410002,2,20180216,90920145.14,90805694.46,20180201,,0.049127,20231101,0.000213,,,,,0.000005,0.048909,,,,,384626.81,114450.68,499077.49,,0,,,,,,0,,0,90805694.46,0,0,0,0,N,,,,,,,,,,,12155465,2058703,10096762,5988930,1.6859,1,20171231,12141824,1963547,10178277,5988930,1.6995,1,20161231,,,,,,,,,,125500000,,,,,,,YN,,20131230,20131230,7,,,,CREFC,,9130354,1.5245,9211869,1.5381,,,X,,,,,727.15,1235544.64,,0,0,0,,N,,93900000,H,,,,,,,,,,,0,,,,0,,,,,WF,S,20180112,20180212,N,,,,,,,0,JPMBB13C17
JPMBB13C17,,301171001,3,20180216,87099578.61,86988076.56,20180201,,0.0483334,20231101,0.000113,,,,,0.000005,0.0482154,,,,,362512.17,111502.05,474014.22,,0,,,,,,0,,0,86988076.56,0,0,0,0,N,,,,,,,,,,,23100956,8232921,14868035,14220427,1.0455,0.95,20161231,23030082,8148531,14881551,11553417,1.288,0.93,20151231,16571719,5875833,10695886,10665320,1.0028,0.93,20170101,20170930,20130910,365000000,,,,,,,YN,,20131230,20131230,1,,,,CREFC,,14806035,1.0411,14819551,1.2826,10649386,0.9985,X,,,,,0,,20170213,0,0,0,,N,,225000000,H,,,,,,,,,,,0,,,,0,,,,,WF,S,20180112,20180212,N,,,,,,,0,JPMC13C16
JPMBB13C17,,301410004,4,20180216,70884837.87,70795339.69,20180201,,0.0487,20231201,0.000113,,,,,0.000005,0.048582,,,,,297263.44,89498.18,386761.62,,0,,,,,,0,,0,70795339.69,0,0,0,0,N,,,,,,,,,,,16252465,5908745,10343720,4641139,2.2287,1,20171231,14732991,5783379,8949612,4641139,1.9283,0.98,20161231,,,,,,,,,20131015,123000000,,,,,,,YN,,20131230,20131230,1,,,,CREFC,,8793794,1.8947,7399686,1.5943,,,N,,,,,0,2424627.22,,0,0,0,,N,,73125000,H,,,,,,,,,,,0,,,,0,,,,,WF,S,20180112,20180212,N,,,,,,,0,JPMBB13C17
JPMBB13C17,,883100172,5,20180216,45401916.63,45341630.84,20180206,,0.049655,20231206,0.000113,,,,,0.000005,0.049537,,,,,194131.66,60285.79,254417.45,,0,,,,,,0,,0,45341630.84,0,0,0,0,N,,,,,,,,,,,13790441,6933965,6856476,3053009,2.2458,0.82,20161231,13056582,6545807,6510775,3053009,2.1325,0.81,20151231,11681004,5526541,6154463,2289756,2.6878,0.87,20170101,20170930,20131023,73200000,,,,,,,YN,,20131230,20131230,1,,,,CREFC,,6398372,2.0957,6052671,1.9825,5810885,2.5377,N,,,,,0,880070.52,,0,0,0,,N,,47580000,S1,,,,,,,,,,,0,,,,0,,,,,WF,S,20180112,20180212,N,,,,,,,0,JPMBB13C17
JPMBB13C17,,883100164,6,20180216,45236864.91,45184207.42,20180206,,0.04955,20231106,0.000113,,,,,0.000005,0.049432,,,,,193016.91,52657.49,245674.4,,0,,,,,,0,,0,45184207.42,0,0,0,0,N,,,,,,,,,,,7736939,2356535,5380404,2373022,2.2673,1,20161231,7488811,2165060,5323751,2310957,2.3036,0.99,20151231,5811499,1647577,4163922,2211070,1.8832,1,20170101,20170930,20130924,64600000,,,,,,,YN,,20131230,20131230,1,,,,CREFC,,5047436,2.127,4990783,2.1596,3914196,1.7702,N,,,,,0,43515.67,,0,0,0,,N,,46000000,S2,,,,,,,,,,,0,,,,0,,,,,WF,S,20180112,20180212,N,,,,,,,0,JPMBB13C17
JPMBB13C17,,301410007,7,20180216,30482129.19,30446369.47,20180201,,0.0492,20231101,0.000413,,,,,0.000005,0.048782,,,,,129142.62,35759.72,164902.34,,0,,,,,,0,,0,30446369.47,0,0,0,0,N,,,,,,,,,,,3710260,845419,2864841,1588422,1.8035,1,20161231,3686014,934238,2751776,1546383,1.7794,0.83,20151231,3487616,688491,2799125,1484121,1.886,1,20170101,20170930,20130918,51000000,,,,,,,YN,,20131230,20131230,1,,,,CREFC,,2727535,1.7171,2614470,1.6907,2696146,1.8166,X,,,,,117.17,20596.64,,0,0,0,,N,,31000000,S1,,,,,,,,,,,0,,,,0,,,,,WF,S,20180112,20180212,N,,,,,,,0,JPMBB13C17
JPMBB13C17,,301410008,8,20180216,29543672.34,29509738.88,20180201,,0.049875,20231201,0.000313,,,,,0.000005,0.049557,,,,,126883.92,33933.46,160817.38,,0,,,,,,0,,0,29509738.88,0,0,0,0,N,,,,,,,,,,,4752140,2320912,2431228,1521188,1.5982,0.89,20161231,5409637,2686564,2723073,1517031,1.795,0.89,20151231,2643182.32,1332967.23,1310215.09,964904.45,1.3578,0.94,20170101,20170630,20131009,39000000,,,,,,,YN,,20131230,20131230,1,,,,CREFC,,2155225,1.4168,2447070,1.613,1172214.09,1.2148,X,,,,,2106.21,1960237.76,,0,0,0,,N,,30000000,S2,,,,,,,,,,,0,,,,0,,,,,WF,S,20180112,20180212,N,,,,,,,0,JPMBB13C17
JPMBB13C17,,301410009,9,20180216,28051927.75,28010880.31,20180201,,0.048675,20231101,0.000113,,,,,0.000005,0.048557,,,,,117578.49,41047.44,158625.93,,0,,,,,,0,,0,28010880.31,0,0,0,0,N,,,,,,,,,,,5627921,2838788,2789133,1903511,1.4652,0.8,20161231,4215205,2182822,2032383,1903511,1.0677,0.77,20151231,2681582,1367034,1314548,951755,1.3811,0.67,20170101,20170630,20130918,43000000,,,,,,,YN,,20131230,20131230,1,,,,CREFC,20150410,2499159,1.3129,1742409,0.9153,1169560,1.2288,X,,,,,574.48,1286158.11,,0,0,0,,N,,30000000,N,,,,,,,,,,,0,,,,0,,,,,WF,S,20180112,20180212,N,,,,,,,0,JPMBB13C17
JPMBB13C17,,301410013,13,20180216,25346357.18,25317597.45,20180201,,0.0474,20231201,0.000113,,,,,0.000005,0.047282,,,,,103455.38,28759.73,132215.11,,0,,,,,,0,,0,25317597.45,0,0,0,0,N,,,,,,,,,,,4555870,1897065,2658805,1222821,2.1743,0.82,20161231,5202385,2444507,2757878,1219480,2.2615,0.85,20151231,4336922,1708856,2628066,915445,2.8708,0.89,20170101,20170930,20131010,39600000,,,,,,,YN,,20131230,20131230,1,,,,CREFC,,2106481,1.7226,2205554,1.8086,2213823,2.4183,N,,,,,0,228672.59,,0,0,0,,N,,25375000,SH,,,,,,,,,,,0,,,,0,,,,,WF,S,20180112,20180212,N,,,,,,,0,JPMBB13C17
JPMBB13C17,,883100162,15,20180216,23105736.05,23075060.86,20180206,,0.0485,20181006,0.000513,,,,,0.000005,0.047982,,,,,96498.54,30675.19,127173.73,,0,,,,,,0,,0,23075060.86,0,0,0,0,N,,,,,,,,,,,,,,,,,,,,,,,,,,,,,,,,,,,,,,,,,,,20131230,20171228,,,,,,20150721,,,,,,,F,,,,,0,,,0,0,0,,N,,24100000,,,,,,,,,,,,0,,,,0,,,,,WF,S,20180112,20180212,N,,,,,,,0,JPMBB13C17
JPMBB13C17,,883100180,16,20180216,20670735.61,20646178.29,20180206,,0.04836,20231206,0.000113,,,,,0.000005,0.048242,,,,,86079.83,24557.32,110637.15,,0,,,,,,0,,0,20646178.29,0,0,0,0,N,,,,,,,,,,,4083391,1636155,2447236,1032486,2.3702,0.92,20161231,3881750,1781319,2100431,1029665,2.0399,0.93,20151231,3045486,1222545,1822941,995734,1.8307,0.88,20170101,20170930,20130916,30000000,,,,,,,YN,,20131230,20131230,1,,,,CREFC,,2211460,2.1418,1864655,1.8109,1646110,1.6531,X,,,,,0,28005.34,,0,0,0,,N,,21000000,S2,,,,,,,,,,,0,,,,0,,,,,WF,S,20180112,20180212,N,,,,,,,0,JPMBB13C17
JPMBB13C17,,883100171,17,20180216,16526921.51,16473136.02,20180206,,0.05121,20231106,0.000113,,,,,0.000005,0.051092,,,,,72879.59,53785.49,126665.08,,0,,,,,,0,,0,16473136.02,0,0,0,0,N,,,,,,,,,,,3261680,933129,2328551,1519980,1.5319,0.98,20161231,3332506,948332,2384174,1519980,1.5685,0.98,20151231,2496078,633543,1862535,1139985,1.6338,0.87,20170101,20170930,20130614,28500000,,,,,,,YN,,20131230,20131230,1,,,,CREFC,,2082694,1.3702,2138317,1.4068,1678143,1.472,N,,,,,0,496569.01,,0,0,0,,N,,19000000,S1,,,,,,,,,,,0,,,,0,,,,,WF,S,20180112,20180212,N,,,,,,,0,JPMBB13C17
JPMBB13C17,,301410018,18,20180216,16000000,16000000,20180201,,0.0482,20231101,0.000113,,,,,0.000005,0.048082,,,,,66408.89,0,66408.89,,0,,,,,,0,,0,16000000,0,0,0,0,N,,,,,,,,,,,2695848,554554,2141294,784053,2.731,1,20161231,2714565,528468,2186097,781911,2.7958,1,20151231,3084747.86,625530.8,2459217.06,781911.23,3.1451,1,20160701,20170630,20130926,29000000,,,,,,,TN,,20131230,20131230,1,,,,CREFC,20140528,1987168,2.5344,2031971,2.5987,2305091.65,2.948,N,,,,,0,,,0,0,0,,N,,16000000,H,,,,,,,,,,,0,,,,0,,,,,WF,S,20180112,20180212,N,,,,,,,0,JPMBB13C17
JPMBB13C17,,301410019,19,20180216,14745798.9,14728220.3,20180201,,0.048475,20231101,0.000113,,,,,0.000005,0.048357,,,,,61552.45,17578.6,79131.05,,0,,,,,,0,,0,14728220.3,0,0,0,0,N,,,,,,,,,,,3692338,1864791,1827547,949573,1.9245,0.91,20171231,3617394,1831488,1785906,774299,2.3064,0.95,20161231,,,,,,,,,20130822,22700000,,,,,,,YN,,20131230,20131230,1,,,,CREFC,,1722547,1.814,1680906,2.1708,,,X,,,,,0,35007.19,,0,0,0,,N,,15000000,S2,,,,,,,,,,,0,,,,0,,,,,WF,S,20180112,20180212,N,,,,,,,0,JPMBB13C17
JPMBB13C17,,301410020,20,20180216,13781733.96,13762773.81,20180201,,0.0512,20240101,0.000113,,,,,0.000005,0.051082,,,,,60762.13,18960.15,79722.28,,0,,,,,,0,,0,13762773.81,0,0,0,0,N,,,,,,,,,,,2724907,971626,1753281,956667,1.8326,1,20171231,2640059,948057,1692002,956667,1.7686,1,20161231,,,,,,,,,20131111,19940000,,,,,,,,,20131230,20131230,1,,,,CREFC,,1734281,1.8128,1673002,1.7487,,,N,,,,,0,83554.83,,0,0,0,,N,,14650000,N,,,,,,,,,,,0,,,,0,,,,,WF,S,20180112,20180212,N,,,,,,,0,JPMBB13C17
JPMBB13C17,,883100182,22,20180216,12959423.19,12941374.71,20180206,,0.05087,20231206,0.000113,,,,,0.000005,0.050752,,,,,56768.39,18048.48,74816.87,,0,,,,,,0,,0,12941374.71,0,0,0,0,N,,,,,,,,,,,3281482,1635900,1645582,897802,1.8329,0.97,20161231,3137581,1654697,1482884,897802,1.6516,0.91,20151231,2433251,1166286,1266965,673351,1.8815,0.85,20170101,20170930,20131008,18500000,,,,,,,YN,,20131230,20131230,1,,,,CREFC,,1369084,1.5249,1206386,1.3437,1059593,1.5736,N,,,,,0,194276.19,,0,0,0,,N,,13800000,S2,,,,,,,,,,,0,,,,0,,,,,WF,S,20180112,20180212,N,,,,,,,0,JPMBB13C17
JPMBB13C17,,883100173,23,20180216,12806350.9,12789638.46,20180206,,0.05442,20231106,0.000113,,,,,0.000005,0.054302,,,,,60012.69,16712.44,76725.13,,0,,,,,,0,,0,12789638.46,0,0,0,0,N,,,,,,,,,,,3407041,1458554,1948487,920702,2.1163,0.89,20171231,3358895,1498283,1860612,920701,2.0208,0.94,20161231,,,,,,,,,20131030,23200000,,,,,,,YN,,20131230,20131230,1,,,,CREFC,,1857012,2.0169,1769137,1.9215,,,N,,,,,0,430571.06,,0,0,0,,N,,13600000,S1,,,,,,,,,,,0,,,,0,,,,,WF,S,20180112,20180212,N,,,,,,,0,JPMBB13C17
JPMBB13C17,,301410024,24,20180216,12191491.39,12174454.91,20180201,,0.051024,20231101,0.000113,,,,,0.000005,0.050906,,,,,53566.16,17036.48,70602.64,,0,,,,,,0,,0,12174454.91,0,0,0,0,N,,,,,,,,,,,3393887,1629798,1764089,847231,2.0821,0.8,20161231,3222935,1665309,1557626,847231,1.8384,0.78,20151231,3658299,1660545,1997754,847231,2.3579,0.88,20161001,20170930,20130924,18100000,,,,,,,TN,,20131230,20131230,1,,,,CREFC,,1440290,1.6999,1233827,1.4563,1673955,1.9757,N,,,,,8.49,491834.8,,0,0,0,,N,,13000000,H,,,,,,,,,,,0,,,,0,,,,,WF,S,20180112,20180212,N,,,,,,,0,JPMBB13C17
JPMBB13C17,,301410026,26,20180216,11081312.66,11065881.34,20180201,,0.050875,20231201,0.000113,,,,,0.000005,0.050757,,,,,48546.15,15431.32,63977.47,,0,,,,,,0,,0,11065881.34,0,0,0,0,N,,,,,,,,,,,4936329,2898387,2037942,767730,2.6545,0.82,20161231,4514436,3089894,1424542,767730,1.8555,0.79,20151231,5345728,3028258,2317470,767730,3.0186,0.84,20161001,20170930,20131001,19000000,,,,,,,TN,,20131230,20131230,1,,,,CREFC,,1886048,2.4566,1272648,1.6576,2165576,2.8207,X,,,,,0,717237.72,,0,0,0,,N,,11800000,S1,,,,,,,,,,,0,,,,0,,,,,WF,S,20180112,20180212,N,,,,,,,0,JPMBB13C17
JPMBB13C17,,301410027,27,20180216,10831237.68,10814437.78,20180201,,0.04563,20181101,0.000113,,,,,0.000005,0.045512,,,,,42558.64,16799.9,59358.54,,0,,,,,,0,,0,10814437.78,0,0,0,0,N,,,,,,,,,,,3177369,1718871,1458498,712302,2.0475,0.83,20161231,3456625,1734502,1722123,712302,2.4176,0.89,20151231,1618673,963992,654681,356151,1.8382,0.83,20170101,20170630,20130619,15700000,,,,,,,YN,,20131230,20131230,1,,,,CREFC,,1306392,1.834,1570017,2.2041,578628,1.6246,N,,,,,10.09,670517.41,,0,0,0,,N,,11629000,SH,,,,,,,,,,,0,,,,0,,,,,WF,S,20180112,20180212,N,,,,,,,0,JPMBB13C17
JPMBB13C17,,301410028,28,20180216,10774890.87,10759321.35,20180201,,0.049,20231201,0.000113,,,,,0.000005,0.048882,,,,,45464.05,15569.52,61033.57,,0,,,,,,0,,0,10759321.35,0,0,0,0,N,,,,,,,,,,,1330796,225528,1105268,732403,1.509,1,20171231,1293892,225919,1067973,732402,1.4581,1,20161231,,,,,,,,,20130924,17080000,,,,,,,,,20131230,20131230,1,,,,CREFC,,1046405,1.4287,1009110,1.3778,,,N,,,,,38.01,265496.22,,0,0,0,,N,,11500000,S1,,,,,,,,,,,0,,,,0,,,,,WF,S,20180112,20180212,N,,,,,,,0,JPMBB13C17
JPMBB13C17,,301410029,29,20180216,10523235.86,10508705.25,20180205,,0.0513,20231205,0.000113,,,,,0.000005,0.051182,,,,,46486.39,14530.61,61017,,0,,,,,,0,,0,10508705.25,0,0,0,0,N,,,,,,,,,,,3496016,2565690,930326,732204,1.2705,0.67,20161231,3758424,2483187,1275237,732204,1.7416,0.71,20151231,2587297,1860979,726318,549153,1.3226,0.68,20170101,20170930,20131031,16500000,,,,,,,YN,,20131230,20131230,1,,,,CREFC,,780117,1.0654,1125028,1.5364,622826,1.1341,N,,,,,0,132335.31,20161011,0,0,0,,N,,11200000,S2,,,,,,,,,,,0,,,,0,,,,,WF,S,20180112,20180212,N,,,,,,,0,JPMBB13C17
JPMBB13C17,,301410010,10,20180216,9840497.39,9829157.2,20180201,,0.05,20231101,0.000588,,,,,0.000005,0.049407,,,,,42368.81,11340.19,53709,,0,,,,,,0,,0,9829157.2,0,0,0,0,N,,,,,,,,,,,3360973,1678875,1682098,520609,3.231,0.96,20161231,3101479,1620281,1481198,507198,2.9203,0.96,20151231,2775565,1266362,1509203,483381,3.1221,0.96,20170101,20170930,20130918,17300000,,,,,,,YN,,20131230,20131230,1,,,,CREFC,,1530215,2.9392,1329315,2.6208,1395291,2.8865,X,,,,,50.84,100279.83,,0,0,0,,N,,10005000,S1,,,,,,,,,,,0,,,,0,,,,,WF,S,20180112,20180212,N,,,,,,,0,JPMBB13C17
JPMBB13C17,,301410030,30,20180216,9815998.51,9801586.3,20180205,,0.0485,20231105,0.000413,,,,,0.000005,0.048082,,,,,40995.43,14412.21,55407.64,,0,,,,,,0,,0,9801586.3,0,0,0,0,N,,,,,,,,,,,2224596,911955,1312641,664892,1.9742,0.95,20171231,2105601.15,966778.7,1138822.45,664891.68,1.7127,0.97,20161231,,,,,,,,,20131009,14500000,,,,,,,TN,,20131230,20131230,1,,,,CREFC,20150720,1254641,1.8869,1080822.45,1.6255,,,X,,,,,36.53,14061.13,,0,0,0,,N,,10500000,S2,,,,,,,,,,,0,,,,0,,,,,WF,S,20180112,20180212,N,,,,,,,0,JPMBB13C17
JPMBB13C17,,301410033,33,20180216,9470174.72,9459041.75,20180201,,0.052,20231201,0.000113,,,,,0.000005,0.051882,,,,,42405.34,11132.97,53538.31,,0,,,,,,0,,0,9459041.75,0,0,0,0,N,,,,,,,,,,,1645215.12,628461.19,1016753.93,642459,1.5825,0.93,20161231,1553733,549707,1004026,514041,1.9532,0.93,20151231,1251066,522811,728255,481844,1.5113,0.99,20170101,20170930,20130822,13000000,,,,,,,YN,,20131230,20131230,1,,,,CREFC,,977493.93,1.5214,964766,1.8768,698810,1.4502,N,,,,,3.56,17960.88,,0,0,0,,N,,9750000,S2,,,,,,,,,,,0,,,,0,,,,,WF,S,20180112,20180212,N,,,,,,,0,JPMBB13C17
JPMBB13C17,,883100186,32,20180216,9317618.71,9305117.37,20180206,,0.05273,20231206,0.000113,,,,,0.000005,0.052612,,,,,42307.94,12501.34,54809.28,,0,,,,,,0,,0,9305117.38,0,0,0,0,N,,,,,,,,,,,1428456,612608,815848,657711,1.2404,0.79,20161231,1495034,639352,855682,657711,1.3009,0.79,20151231,1056024,390472,665552,493283,1.3492,0.77,20170101,20170930,20131025,13200000,,,,,,,YN,,20131230,20131230,1,,,,CREFC,,695690,1.0577,735524,1.1183,575435,1.1665,N,,,,,0,33189.71,,0,0,0,,N,,9900000,S1,,,,,,,,,,,0,,,,0,,,,,WF,S,20180112,20180212,N,,,,,,,0,JPMBB13C17
JPMBB13C17,,301410031,31,20180216,9246490.69,9226100.64,20180201,,0.04722,20200731,0.000113,,,,,0.000005,0.047102,,,,,37597.77,20390.05,57987.82,,0,,,,,,0,,0,9226100.64,0,0,0,0,N,,,,,,,,,,,2570715,1058503,1512212,695853,2.1731,0.96,20171231,2404072,926933,1477139,695853,2.1227,0.94,20161231,,,,,,,,,20130908,14040000,,,,,,20181101,TN,,20131230,20131230,1,,,,CREFC,,1324972,1.904,1289899,1.8536,,,N,,,,,81.58,168472.43,,0,0,0,,N,,10200000,H,,,,,,,,,,,0,,,,0,,,,,WF,S,20180112,20180212,N,,,,,,,0,JPMBB13C17
JPMBB13C17,,301410011,11,20180216,9152006.81,9141460.03,20180201,,0.05,20231101,0.000588,,,,,0.000005,0.049407,,,,,39404.47,10546.78,49951.25,,0,,,,,,0,,0,9141460.03,0,0,0,0,N,,,,,,,,,,,2998594,1539770,1458824,484184,3.0129,0.95,20161231,2732988,1472307,1260681,471712,2.6725,0.96,20151231,2494052,1095345,1398707,449561,3.1112,0.97,20170101,20170930,20130918,17400000,,,,,,,YN,,20131230,20131230,1,,,,CREFC,,1337736,2.7628,1139593,2.4158,1307891,2.9092,X,,,,,38.58,76729.77,,0,0,0,,N,,9305000,S1,,,,,,,,,,,0,,,,0,,,,,WF,S,20180112,20180212,N,,,,,,,0,JPMBB13C17
JPMBB13C17,,301410035,35,20180216,8878979.95,8866719.74,20180205,,0.0513,20231205,0.000688,,,,,0.000005,0.050607,,,,,39222.89,12260.21,51483.1,,0,,,,,,0,,0,8866719.74,0,0,0,0,N,,,,,,,,,,,553289,248911,304378,617797,0.4926,0.39,20161231,983231,292315,690916,617797,1.1183,0.39,20151231,383835,191692,192143,463348,0.4146,0.35,20170101,20170930,20131022,12800000,,,,,,,YN,,20131230,20131230,1,,,,CREFC,,213386,0.3453,599924,0.971,123901,0.2674,N,,,,,0,543720.99,20160311,0,0,0,,N,,9450000,N,,,,,,,,,,,0,,,,0,,,,,WF,S,20180112,20180212,N,,,,,,,0,JPMBB13C17
JPMBB13C17,,301410012,12,20180216,8793008.17,8782875.11,20180201,,0.05,20231101,0.000588,,,,,0.000005,0.049407,,,,,37858.79,10133.06,47991.85,,0,,,,,,0,,0,8782875.11,0,0,0,0,N,,,,,,,,,,,2857043,1392293,1464750,465191,3.1487,0.97,20161231,2569474,1385898,1183576,453208,2.6115,0.94,20151231,2314721,1013264,1301457,431927,3.0131,0.95,20170101,20170930,20130918,15200000,,,,,,,YN,,20131230,20131230,1,,,,CREFC,,1365831,2.936,1084657,2.3932,1227268,2.8413,X,,,,,35.31,70145.82,,0,0,0,,N,,8940000,S1,,,,,,,,,,,0,,,,0,,,,,WF,S,20180112,20180212,N,,,,,,,0,JPMBB13C17
JPMBB13C17,,883100170,34,20180216,8785585.12,8768072.49,20180206,,0.05408,20231106,0.000113,,,,,0.000005,0.053962,,,,,40913.49,17512.63,58426.12,,0,,,,,,0,,0,8768072.49,0,0,0,0,N,,,,,,,,,,,,,,,,,,2349361,1167004,1182357,701113,1.6864,0.7,20151231,1837655,967738,869917,525835,1.6543,0.77,20170101,20170930,20130717,15000000,,,,,,,YN,,20131230,20131230,1,,,,CREFC,,,,987039,1.4078,723429,1.3757,N,,,,,0,70871.02,,0,0,0,,N,,9600000,S1,,,,,,,,,,,0,,,,0,,,,,WF,S,20180112,20180212,N,,,,,,,0,JPMBB13C17
JPMBB13C17,,301410038,38,20180216,8729109.4,8718298.23,20180205,,0.0496,20231205,0.000313,,,,,0.000005,0.049282,,,,,37283,10811.17,48094.17,,0,,,,,,0,,0,8718298.23,0,0,0,0,N,,,,,,,,,,,942186,147554,794632,577130,1.3768,0.86,20161231,925309,147469,777840,452600,1.7186,0.86,20151231,684544,106204,578340,432847,1.3361,1,20170101,20170930,20131125,12200000,,,,,,,YN,,20131230,20131230,1,,,,CREFC,,784309,1.3589,767517,1.6957,570598,1.3182,N,,,,,2.83,30992.05,,0,0,0,,N,,9000000,S2,,,,,,,,,,,0,,,,0,,,,,WF,S,20180112,20180212,N,,,,,,,0,JPMBB13C17
JPMBB13C17,,301410039,39,20180216,8700000,8700000,20180201,,0.0506,20231001,0.000113,,,,,0.000005,0.050482,,,,,37907.83,0,37907.83,,0,,,,,,0,,0,8700000,0,0,0,0,N,,,,,,,,,,,1680452,848604,831848,446334,1.8637,0.91,20171231,1427954,890075,537879,447557,1.2018,0.62,20161231,,,,,,,,,20130910,14600000,,,,,,,YN,,20131230,20131230,1,,,,CREFC,,802848,1.7987,508879,1.137,,,X,,,,,0,44560.54,,0,0,0,,N,,8700000,S2,,,,,,,,,,,0,,,,0,,,,,WF,S,20180112,20180212,N,,,,,,,0,JPMBB13C17
JPMBB13C17,,883100184,41,20180216,8085594.02,8076067.82,20180106,,0.0519,20231206,0.000113,,,,,0.000005,0.051782,,,,,36135.87,9526.2,45662.07,,0,,,,,,0,,0,8085594.02,45627.26,0,0,B,N,,,,,,,,,,,1050878,233979,816899,547946,1.4908,0.79,20161231,1068096,222636,845460,438069,1.9299,0.83,20151231,847718,234229,613489,410958,1.4928,0.83,20170101,20170930,,11100000,,,,,,,YN,,20131230,20131230,3,,,,CREFC,,797499,1.4554,826060,1.8856,598941,1.4574,N,,,,,0,24577.77,,0,0,0,,N,,8325000,S2,,,,,,,,,,,0,,,,0,,,,,WF,S,20180112,20180212,N,,,,,,,0,JPMBB13C17
JPMBB13C17,,883100169,40,20180216,8031188.01,8019623.48,20180206,,0.0495,20231106,0.000613,,,,,0.000005,0.048882,,,,,34232.94,11564.53,45797.47,,0,,,,,,0,,0,8019623.49,0,0,0,0,N,,,,,,,,,,,1264555,612302,652253,549569,1.1868,0.8,20161231,1327414,582526,744888,549569,1.3554,0.96,20151231,,,,,,,,,20130827,11630000,,,,,,,,,20131230,20131230,1,,,,CREFC,,626224,1.1394,718859,1.308,,,N,,,,,0,58682.44,,0,0,0,,N,,8580000,S2,,,,,,,,,,,0,,,,0,,,,,WF,S,20180112,20180212,N,,,,,,,0,JPMBB13C17
JPMBB13C17,,301410042,42,20180216,7709120.77,7698581.89,20180205,,0.0518,20231205,0.000488,,,,,0.000005,0.051307,,,,,34386.96,10538.88,44925.84,,0,,,,,,0,,0,7698581.89,0,0,0,0,N,,,,,,,,,,,1404849,409444,995405,539110,1.8463,1,20161231,1338974,388308,950666,539110,1.7633,0.92,20151231,1104985,292010,812975,404333,2.0106,1,20170101,20170930,20131022,11400000,,,,,,,YN,,20131230,20131230,1,,,,CREFC,,931029,1.7269,886290,1.6439,764684,1.8912,N,,,,,0,108694.53,,0,0,0,,N,,8200000,N,,,,,,,,,,,0,,,,0,,,,,WF,S,20180112,20180212,N,,,,,,,0,JPMBB13C17
JPMBB13C17,,883100167,43,20180216,7564223.48,7554345.57,20180206,,0.049,20180806,0.000513,,,,,0.000005,0.048482,,,,,31916.82,9877.91,41794.73,,0,,,,,,0,,0,7554345.58,0,0,0,0,N,,,,,,,,,,,,,,,,,,,,,,,,,,,,,,,,,,,,,,,,,,,20131230,20170711,,,,,,,,,,,,,F,,,,,0,,,0,0,0,,N,,7875000,,,,,,,,,,,,0,,,,0,,,,,WF,S,20180112,20180212,N,,,,,,,0,JPMBB13C17
JPMBB13C17,,301410045,45,20180216,7040013.75,7030136.91,20180205,,0.0505,20231205,0.000713,,,,,0.000005,0.049782,,,,,30614.28,9876.84,40491.12,,0,,,,,,0,,0,7030136.91,0,0,0,0,N,,,,,,,,,,,822802,339992,482810,485893,0.9936,1,20161231,1095094,362954,732140,485893,1.5067,1,20151231,894037,297065,596972,364419,1.6381,1,20170101,20170930,20131104,10500000,,,,,,,YN,,20131230,20131230,1,,,,CREFC,,412490,0.8489,661820,1.362,544232,1.4934,N,,,,,0.12,733876.95,,0,0,0,,N,,7500000,SH,,,,,,,,,,,0,,,,0,,,,,WF,S,20180112,20180212,N,,,,,,,0,JPMBB13C17
JPMBB13C17,,301410046,46,20180216,6731986.08,6722283.47,20180201,,0.04974,20231001,0.000113,,,,,0.000005,0.049622,,,,,28834.22,9702.61,38536.83,,0,,,,,,0,,0,6722283.47,0,0,0,0,N,,,,,,,,,,,2739581,1446424,1293157,462442,2.7963,0.61,20171231,2657417,1422453,1234964,462441,2.6705,0.6,20161231,,,,,,,,,20130701,12750000,,,,,,,YN,,20131230,20131230,1,,,,CREFC,,1183574,2.5593,1146659,2.4795,,,X,,,,,49.33,301001.96,,0,0,0,,N,,7200000,N,,,,,,,,,,,0,,,,0,,,,,WF,S,20180112,20180212,N,,,,,,,0,JPMBB13C17
JPMBB13C17,,883100187,44,20180216,6717037.27,6695272.16,20180206,,0.05086,20231206,0.000113,,,,,0.000005,0.050742,,,,,29418.01,21765.11,51183.12,,0,,,,,,0,,0,6695272.16,0,0,0,0,N,,,,,,,,,,,968954,177071,791883,614197,1.2892,1,20161231,951905,168371,783534,614197,1.2757,1,20151228,778375,135510,642865,460647,1.3955,1,20170101,20170930,20131010,11850000,,,,,,,YN,,20131230,20131230,1,,,,CREFC,20150224,749889,1.2209,741540,1.2073,611371,1.3272,N,,,,,0,102523.71,,0,0,0,,N,,7700000,S2,,,,,,,,,,,0,,,,0,,,,,WF,S,20180112,20180212,N,,,,,,,0,JPMBB13C17
JPMBB13C17,,301410047,47,20180216,6670178.68,6660950.02,20180201,,0.0512,20231201,0.000113,,,,,0.000005,0.051082,,,,,29408.08,9228.66,38636.74,,0,,,,,,0,,0,6660950.02,0,0,0,0,N,,,,,,,,,,,1378923,463494,915429,463641,1.9744,0.86,20171231,1332953,509319,823634,463641,1.7764,0.88,20161231,,,,,,,,,20130620,12100000,,,,,,,,,20131230,20131230,1,,,,CREFC,,897537,1.9358,805742,1.7378,,,N,,,,,0,160750,,0,0,0,,N,,7100000,S2,,,,,,,,,,,0,,,,0,,,,,WF,S,20180112,20180212,N,,,,,,,0,JPMBB13C17
JPMBB13C17,,301410048,48,20180216,6575761.2,6566966.41,20180201,,0.0535,20231001,0.000113,,,,,0.000005,0.053382,,,,,30294.17,8794.79,39088.96,,0,,,,,,0,,0,6566966.41,0,0,0,0,N,,,,,,,,,,,1498257,338885,1159372,469067,2.4716,1,20161231,1387491,354431,1033060,469067,2.2023,1,20151231,1002446,294635,707811,351800,2.0119,1,20170101,20170930,20130409,10900000,,,,,,,YN,,20131230,20131230,1,,,,CREFC,,1128372,2.4055,1002060,2.1362,684561,1.9458,N,,,,,4.52,134446.35,,0,0,0,,N,,7000000,S2,,,,,,,,,,,0,,,,0,,,,,WF,S,20180112,20180212,N,,,,,,,0,JPMBB13C17
JPMBB13C17,,301410049,49,20180216,6422161.67,6412100.55,20180201,,0.0451,20181101,0.000113,,,,,0.000005,0.044982,,,,,24941.18,10061.12,35002.3,,0,,,,,,0,,0,6412100.55,0,0,0,0,N,,,,,,,,,,,1329363,662586,666777,420027,1.5874,0.95,20171231,1272947.66,655214.35,617733.31,420027.44,1.4706,0.94,20161231,,,,,,,,,20130723,9600000,,,,,,,YN,,20131230,20131230,1,,,,CREFC,,629856,1.4995,580811.81,1.3827,,,X,,,,,12.46,47371.87,,0,0,0,,N,,6900000,SF,,,,,,,,,,,0,,,,0,,,,,WF,S,20180112,20180212,N,,,,,,,0,JPMBB13C17
JPMBB13C17,,301410050,50,20180216,5263060.69,5255962.53,20180201,,0.0528,20231101,0.000113,,,,,0.000005,0.052682,,,,,23929.38,7098.16,31027.54,,0,,,,,,0,,0,5255962.53,0,0,0,0,N,,,,,,,,,,,961178,306996,654182,372330,1.7569,1,20161231,925243,282036,643207,372330,1.7275,0.98,20151231,786413,205590,580823,279247,2.0799,1,20170101,20170930,20130827,7200000,,,,,,,YN,,20131230,20131230,1,,,,CREFC,,629382,1.6903,618407,1.6609,562223,2.0133,N,,,,,0.05,33066.72,,0,0,0,,N,,5600000,S2,,,,,,,,,,,0,,,,0,,,,,WF,S,20180112,20180212,N,,,,,,,0,JPMBB13C17
JPMBB13C17,,883100155,36,20180216,4981555.71,4971804.22,20180206,,0.0562,20230906,0.000113,,,,,0.000005,0.056082,,,,,24107.96,9751.49,33859.45,,0,,,,,,0,,0,4971804.22,0,0,0,0,N,,,,,,,,,,,1936150,1084000,852150,406313,2.0972,0.98,20161231,1877232,1084674,792558,406313,1.9506,0.98,20151231,1355761,866421,489340,304735,1.6057,0.87,20170101,20170930,20130814,8300000,,,,,,,YN,,20131230,20131230,1,,,,CREFC,,757750,1.8649,698158,1.7182,418540,1.3734,N,,,,,0,97484.28,20171113,0,0,0,,N,,5450000,S1,,,,,,,,,,,0,,,,0,,,,,WF,S,20180112,20180212,N,,,,,,,0,JPMBB13C17
JPMBB13C17,,301410051,51,20180216,4837805.55,4831228.2,20180201,,0.0524,20231101,0.000113,,,,,0.000005,0.052282,,,,,21829.25,6577.35,28406.6,,0,,,,,,0,,0,4831228.2,0,0,0,0,N,,,,,,,,,,,709966,261052,448914,340879,1.3169,1,20161231,680565,229359,451206,340879,1.3236,1,20150930,547941,186725,361216,255659,1.4128,1,20170101,20170930,20130829,8300000,,,,,,,YN,,20131230,20131230,1,,,,CREFC,,435572,1.2777,437864,1.2845,351210,1.3737,N,,,,,0,2091,,0,0,0,,N,,5150000,S2,,,,,,,,,,,0,,,,0,,,,,WF,S,20180112,20180212,N,,,,,,,0,JPMBB13C17
JPMBB13C17,,883100166,52,20180216,4826694.92,4820391.87,20180206,,0.049,20180806,0.000513,,,,,0.000005,0.048482,,,,,20365.97,6303.05,26669.02,,0,,,,,,0,,0,4820391.87,0,0,0,0,N,,,,,,,,,,,,,,,,,,,,,,,,,,,,,,,,,,,,,,,,,,,20131230,20170711,,,,,,,,,,,,,F,,,,,0,,,0,0,0,,N,,5025000,,,,,,,,,,,,0,,,,0,,,,,WF,S,20180112,20180212,N,,,,,,,0,JPMBB13C17
JPMBB13C17,,301410053,53,20180216,4517473.43,4511408.71,20180205,,0.0527,20231205,0.000788,,,,,0.000005,0.051907,,,,,20500.55,6064.72,26565.27,,0,,,,,,0,,0,4511408.71,0,0,0,0,N,,,,,,,,,,,786810,282642,504168,318783,1.5815,1,20161231,,,,,,,,896807,264667,632140,318783,1.9829,1,20161001,20170930,20131007,6910000,,,,,,,TN,,20131230,20131230,1,,,,CREFC,,495768,1.5551,,,623740,1.9566,N,,,,,0,17964.6,,0,0,0,,N,,4800000,N,,,,,,,,,,,0,,,,0,,,,,WF,S,20180112,20180212,N,,,,,,,0,JPMBB13C17
JPMBB13C17,,883100183,54,20180216,4043550.61,4038044.96,20180206,,0.052,20231206,0.000113,,,,,0.000005,0.051882,,,,,18106.12,5505.65,23611.77,,0,,,,,,0,,0,4038044.96,0,0,0,0,N,,,,,,,,,,,1178020,389464,788556,283341,2.783,0.84,20171231,1192735,367296,825439,283341,2.9132,0.85,20161231,,,,,,,,,20131009,7700000,,,,,,,YN,,20131230,20131230,1,,,,CREFC,,782285,2.7609,819168,2.8911,,,N,,,,,0,26149.27,,0,0,0,,N,,4300000,S1,,,,,,,,,,,0,,,,0,,,,,WF,S,20180112,20180212,N,,,,,,,0,JPMBB13C17
JPMBB13C17,,301410055,55,20180216,3933662.34,3928537.49,20180201,,0.0526,20231101,0.000113,,,,,0.000005,0.052482,,,,,17817.31,5124.85,22942.16,,0,,,,,,0,,0,3928537.49,0,0,0,0,N,,,,,,,,,,,1098818,385626,713192,275306,2.5905,0.9,20161231,861942,342038,519904,275306,1.8884,0.9,20151231,1058681,354799,703882,206479,3.4089,0.96,20170101,20170930,20130809,5700000,,,,,,,YN,,20131230,20131230,1,,,,CREFC,20160502,702315,2.551,509027,1.8489,695725,3.3694,N,,,,,0,46703.25,,0,0,0,,N,,4150000,N,,,,,,,,,,,0,,,,0,,,,,WF,S,20180112,20180212,N,,,,,,,0,JPMBB13C17
JPMBB13C17,,883100168,56,20180216,3904580.14,3899481.26,20180206,,0.049,20180806,0.000513,,,,,0.000005,0.048482,,,,,16475.16,5098.88,21574.04,,0,,,,,,0,,0,3899481.26,0,0,0,0,N,,,,,,,,,,,,,,,,,,,,,,,,,,,,,,,,,,,,,,,,,,,20131230,20170728,,,,,,,,,,,,,F,,,,,0,,,0,0,0,,N,,4065000,,,,,,,,,,,,0,,,,0,,,,,WF,S,20180112,20180212,N,,,,,,,0,JPMBB13C17
JPMBB13C17,,301410057,57,20180216,3487514.52,3482954.82,20180201,,0.054,20231201,0.000113,,,,,0.000005,0.053882,,,,,16216.94,4559.7,20776.64,,0,,,,,,0,,0,3482954.82,0,0,0,0,N,,,,,,,,,,,751100,241008,510092,249320,2.0459,0.91,20171231,705422,243160,462262,249319,1.854,0.91,20161231,,,,,,,,,20131015,6150000,,,,,,,,,20131230,20131230,1,,,,CREFC,,464567,1.8633,416737,1.6715,,,N,,,,,2.45,108550.43,,0,0,0,,N,,3700000,S2,,,,,,,,,,,0,,,,0,,,,,WF,S,20180112,20180212,N,,,,,,,0,JPMBB13C17
JPMBB13C17,,883100154,37,20180216,3381973.63,3375353.35,20180206,,0.0562,20230906,0.000113,,,,,0.000005,0.056082,,,,,16366.87,6620.28,22987.15,,0,,,,,,0,,0,3375353.35,0,0,0,0,N,,,,,,,,,,,1368145,876769,491376,275846,1.7813,0.98,20161231,1380826,903144,477682,275846,1.7316,0.98,20151231,930276,721145,209131,206884,1.0108,0.71,20170101,20170930,20130814,5800000,,,,,,,YN,,20131230,20131230,1,,,,CREFC,,419376,1.5203,405682,1.4706,155131,0.7498,N,,,,,0,1069736,20171113,0,0,0,,N,,3700000,S1,,,,,,,,,,,0,,,,0,,,,,WF,S,20180112,20180212,N,,,,,,,0,JPMBB13C17
JPMBB13C17,,883100149,58,20180216,3150979.63,3144757.62,20180206,,0.055625,20230906,0.000113,,,,,0.000005,0.055507,,,,,15092.97,6222.01,21314.98,,0,,,,,,0,,0,3144757.61,0,0,0,0,N,,,,,,,,,,,1047061,568696,478365,255780,1.8702,0.94,20161231,1024268,598386,425882,255780,1.665,0.99,20151231,786717,492521,294196,191835,1.5335,0.86,20170101,20170930,20130725,5300000,,,,,,,YN,,20131230,20131230,1,,,,CREFC,,420765,1.645,368282,1.4398,250996,1.3083,N,,,,,0,21243.17,20150911,0,0,0,,N,,3450000,S1,,,,,,,,,,,0,,,,0,,,,,WF,S,20180112,20180212,N,,,,,,,0,JPMBB13C17
JPMBB13C17,,301410060,60,20180216,3111924.69,3107889.33,20180201,,0.0544,20231201,0.000113,,,,,0.000005,0.054282,,,,,14577.64,4035.36,18613,,0,,,,,,0,,0,3107889.33,0,0,0,0,N,,,,,,,,,,,624894,282455,342439,223356,1.5331,0.98,20161231,667011,264807,402204,223356,1.8007,0.89,20151231,486651,199324,287327,167517,1.7152,0.87,20170101,20170930,20131004,4500000,,,,,,,YN,,20131230,20131230,1,,,,CREFC,,308039,1.3791,367804,1.6467,261527,1.5611,N,,,,,0,78691.36,,0,0,0,,N,,3300000,S2,,,,,,,,,,,0,,,,0,,,,,WF,S,20180112,20180212,N,,,,,,,0,JPMBB13C17
JPMBB13C17,,883100163,59,20180216,3070632.62,3064711.56,20180206,,0.0567,20231006,0.000113,,,,,0.000005,0.056582,,,,,14992.36,5921.06,20913.42,,0,,,,,,0,,0,3064711.57,0,0,0,0,N,,,,,,,,,,,2485543,1706667,778876,250961,3.1035,0.79,20161231,2359355,1481591,877764,250961,3.4976,0.78,20151231,1880546,1319786,560760,188220,2.9792,0.79,20170101,20170930,20130726,6500000,,,,,,,YN,,20131230,20131230,1,,,,CREFC,,708575,2.8234,807463,3.2174,508035,2.6991,N,,,,,0,278037.85,,0,0,0,,N,,3350000,S2,,,,,,,,,,,0,,,,0,,,,,WF,S,20180112,20180212,N,,,,,,,0,JPMBB13C17
JPMBB13C17,,883100165,61,20180216,2765652.11,2761630.69,20180206,,0.049,20181106,0.000113,,,,,0.000005,0.048882,,,,,11669.52,4021.42,15690.94,,0,,,,,,0,,0,2761630.69,0,0,0,0,N,,,,,,,,,,,642532,255193,387339,188291,2.0571,0.92,20161231,614569,206635,407934,188291,2.1665,0.89,20151231,679849,256493,423356,188291,2.2484,0.94,20161001,20170930,20130730,4050000,,,,,,,TN,,20131230,20131230,1,,,,CREFC,20150507,379006,2.0128,399601,2.1222,415023,2.2041,N,,,,,0,0.9,,0,0,0,,N,,2956500,S2,,,,,,,,,,,0,,,,0,,,,,WF,S,20180112,20180212,N,,,,,,,0,JPMBB13C17
JPMBB13C17,,301410062,62,20180216,2609536.05,2605532.93,20180201,,0.0474,20230701,0.000113,,,,,0.000005,0.047282,,,,,10651.26,4003.12,14654.38,,0,,,,,,0,,0,2605532.93,0,0,0,0,N,,,,,,,,,,,942807.38,513857.85,428949.53,175852,2.4392,0.99,20161231,904939,542599,362340,175852,2.0604,0.97,20151231,720765,403336,317429,131889,2.4067,0.98,20170101,20170930,20130425,3780000,,,,,,,YN,,20131230,20131230,1,,,,CREFC,,401949.53,2.2857,335340,1.9069,297179,2.2532,N,,,,,56.55,22207.35,20151013,0,0,0,,N,,2812500,S2,,,,,,,,,,,0,,,,0,,,,,WF,S,20180112,20180212,N,,,,,,,0,JPMBB13C17
JPMBB13C17,,301410063,63,20180216,2540351.12,2537042.31,20180201,,0.0548,20231001,0.000113,,,,,0.000005,0.054682,,,,,11987.63,3308.81,15296.44,,0,,,,,,0,,0,2537042.31,0,0,0,0,N,,,,,,,,,,,488954,115377,373577,183557,2.0352,1,20171231,485739,113152,372587,183557,2.0298,1,20161231,,,,,,,,,20130617,3600000,,,,,,,,,20131230,20131230,1,,,,CREFC,,342379,1.8652,341389,1.8598,,,N,,,,,0,135193.24,,0,0,0,,N,,2700000,S1,,,,,,,,,,,0,,,,0,,,,,WF,S,20180112,20180212,N,,,,,,,0,JPMBB13C17
JPMBB13C17,,301410064,64,20180216,1980771.91,1978213.92,20180201,,0.0546,20231201,0.000113,,,,,0.000005,0.054482,,,,,9312.93,2557.99,11870.92,,0,,,,,,0,,0,1978213.92,0,0,0,0,N,,,,,,,,,,,359085,103394,255691,142451,1.7949,1,20171231,367149,98230,268919,142451,1.8878,1,20161231,,,,,,,,,20130626,2800000,,,,,,,,,20131230,20131230,1,,,,CREFC,,214523,1.5059,227751,1.5988,,,N,,,,,12.68,174733.5,,0,0,0,,N,,2100000,S2,,,,,,,,,,,0,,,,0,,,,,WF,S,20180112,20180212,N,,,,,,,0,JPMBB13C17
JPMBB13C17,,301410021,21,20161216,0,0,,,,,,,,,,,,,,,,,,,,,,20161205,,,9,,,,,,,,,N,,,,,,,,,,,,,,,,,,,,,,,,,,,,,,,,,,,,,,,,,,,,,,,,,,,,,,,,,,,,,,,,,0,,0,,,,,,,,,,,,,,,,,,,,,,,,,,,20180112,20180212,,,,,,,,,
JPMBB13C17,,883100181,14,20170817,0,0,,,,,,,,,,,,,,,,,,,,,,20170804,,,9,,,,,,,,,N,,,,,,,,,,,,,,,,,,,,,,,,,,,,,,,,,,,,,,,,,,,,,,,,,,,,,,,,,,,,,,,,,0,,0,,,,,,,,,,,,,,,,,,,,,,,,,,,20180112,20180212,,,,,,,,,
JPMBB13C17,,883100157,25,20171117,0,0,,,,,,,,,,,,,,,,,,,,,,20171020,,,6,,,,,,,,,N,,,,7901866.28,1663865.81,4810762.87,,,,,,,,,,,,,,,,,,,,,,,,,,,,,,,,,,,,,,,,,,,,,,,,,,,,,,,,,,,0,,0,,,,,,7901866.28,1591014.36,20000,52851.45,0,0,,-560.61,,,,,,,,,,,,,,20180112,20180212,,,,,,,,,
