JPMBB13C17,,301171001,3,20150817,90000000,90000000,20150801,,0.0483334,20231101,0.000113,,,,,0.000005,0.0482154,,,,,374583.85,0,374583.85,,,,,,,,,,,90000000,0,0,0,0,N,,,,,,,,,,,21761731,7957924.8,13803806.2,11026056.49,1.25,0.97,20141231,20880780,5596330,15284450,11026057,1.39,0.99,20131231,11235262,3530623,7704639,5513029,1.4,0.93,20150101,20150630,20130910,365000000,,,,,,,YN,,20131230,20131230,1,,,,CMSA,,13741806.2,1.25,15222450,1.38,7673639,1.39,X,,,,,,,,,,,,N,,225000000,H,,,,,,,,,,,,,,,,,,,,WF,S
JPMBB13C17,,301410001,1,20150817,117082691.8,116924371.8,20150801,,0.04366,20240101,0.000113,,,,,0.000005,0.043542,,,,,440185.39,158320.08,598505.47,,,,,,,,,,,116924371.8,0,0,0,0,N,,,,,,,,,,,32883064,11451799,21431265,13167121,1.63,0.98,20141231,33327307,10380496,22946811,13167121,1.74,0.98,20131231,7854303,2604244,5250059,3291780,1.59,0.93,20150101,20150331,20131115,366000000,,,,,,,YN,,20131230,20131230,1,,,,CMSA,,20531563,1.56,22047109,1.67,5025134,1.53,X,,,,,,,,,,,,N,,220000000,S2,,,,,,,,,,,,,,,,,,,,WF,S
JPMBB13C17,,301410002,2,20150817,93900000,93900000,20150801,,0.049127,20231101,0.000213,,,,,0.000005,0.048909,,,,,397232.73,0,397232.73,,,,,,,,,,,93900000,0,0,0,0,N,,,,,,,,,,,11708936,2077209,9631727,4677091,2.06,1,20141231,,,,,,,,2942573,547076,2395497,1153258,2.08,1,20150101,20150331,,125500000,,,,,,,YN,,20131230,20131230,7,,,,CMSA,,8665319,1.85,,,2153899,1.87,X,,,,,727.15,512944.45,,,,,,N,,93900000,H,,,,,,,,,,,,,,,,,,,,WF,S
JPMBB13C17,,301410004,4,20150817,73125000,73125000,20150801,,0.0487,20231201,0.000113,,,,,0.000005,0.048582,,,,,306657.81,0,306657.81,,,,,,,,,,,73125000,0,0,0,0,N,,,,,,,,,,,14621821,5699510,8922311,3610648,2.47,0.86,20141231,,,,,,,,3715456,1347270,2368186,890297,2.66,0.95,20150101,20150331,20131015,123000000,,,,,,,YN,,20131230,20131230,1,,,,CMSA,,7372385,2.04,,,1980705,2.22,N,,,,,,929061.17,,,,,,N,,73125000,H,,,,,,,,,,,,,,,,,,,,WF,S
JPMBB13C17,,301410007,7,20150817,31000000,31000000,20150801,,0.0492,20231101,0.000413,,,,,0.000005,0.048782,,,,,131336.67,0,131336.67,,,,,,,,,,,31000000,0,0,0,0,N,,,,,,,,,,,3251572,803278,2448294,1546383,1.58,1,20141231,,,,,,,,937134,203833,733301,381300,1.92,0.89,20150101,20150331,20130918,51000000,,,,,,,YN,,20131230,20131230,1,,,,CMSA,,2310988,1.49,,,698976,1.83,X,,,,,4.92,62108.57,,,,,,N,,31000000,S1,,,,,,,,,,,,,,,,,,,,WF,S
JPMBB13C17,,301410008,8,20150817,30000000,30000000,20150801,,0.049875,20231201,0.000313,,,,,0.000005,0.049557,,,,,128843.75,0,128843.75,,,,,,,,,,,30000000,0,17860.37,0,0,N,,,,,,,,,,,4868845,2067137,2801708,1517031,1.85,0.89,20141231,,,,,,,,1312719,736157,576562,374063,1.54,0.9,20150101,20150331,20131009,39000000,,,,,,,YN,,20131230,20131230,1,,,,CMSA,,2525705,1.66,,,507562,1.36,X,,,,,2026.64,4287166.35,,,,,,N,,30000000,S2,,,,,,,,,,,,,,,,,,,,WF,S
JPMBB13C17,,301410009,9,20150817,29261241.99,29225263.34,20150801,,0.048675,20231101,0.000113,,,,,0.000005,0.048557,,,,,122647.28,35978.65,158625.93,,,,,,,,,,,29225263.34,0,0,0,0,N,,,,,,,,,,,4995104,2540764,2454340,1903511,1.29,0.83,20141231,,,,,,,,1410366,538463,871903,475877,1.83,0.83,20150101,20150331,20130918,43000000,,,,,,,YN,,20131230,20131230,1,,,,CMSA,20150410,2164366,1.14,,,799410,1.68,X,,,,,165.06,631241.23,,,,,,N,,30000000,S1,,,,,,,,,,,,,,,,,,,,WF,S
JPMBB13C17,,301410010,10,20150817,10005000,10005000,20150801,,0.05,20231101,0.000588,,,,,0.000005,0.049407,,,,,43077.08,0,43077.08,,,,,,,,,,,10005000,0,0,0,0,N,,,,,,,,,,,2782658,1507592,1275066,507197,2.51,0.94,20141231,,,,,,,,1514664,789393,725271,252904,2.87,0.98,20150101,20150630,20130918,17300000,,,,,,,YN,,20131230,20131230,1,,,,CMSA,,1123183,2.21,,,649329,2.57,X,,,,,50.84,160603.68,,,,,,N,,10005000,S1,,,,,,,,,,,,,,,,,,,,WF,S
JPMBB13C17,,301410011,11,20150817,9305000,9305000,20150801,,0.05,20231101,0.000588,,,,,0.000005,0.049407,,,,,40063.19,0,40063.19,,,,,,,,,,,9305000,0,0,0,0,N,,,,,,,,,,,2652848,1409019,1243829,471712,2.64,0.94,20141231,,,,,,,,1402182,716732,685450,235209,2.91,0.96,20150101,20150630,20130918,17400000,,,,,,,YN,,20131230,20131230,1,,,,CMSA,,1122741,2.38,,,624906,2.66,X,,,,,38.58,119330.1,,,,,,N,,9305000,S1,,,,,,,,,,,,,,,,,,,,WF,S
JPMBB13C17,,301410012,12,20150817,8940000,8940000,20150801,,0.05,20231101,0.000588,,,,,0.000005,0.049407,,,,,38491.67,0,38491.67,,,,,,,,,,,8940000,0,0,0,0,N,,,,,,,,,,,2440247,1273716,1166531,453209,2.57,0.97,20141231,,,,,,,,1291626,636843,654783,225983,2.9,0.98,20150101,20150630,20130918,15200000,,,,,,,YN,,20131230,20131230,1,,,,CMSA,,1067612,2.36,,,605323,2.68,X,,,,,35.31,108809.34,,,,,,N,,8940000,S1,,,,,,,,,,,,,,,,,,,,WF,S
JPMBB13C17,,301410013,13,20150817,25375000,25375000,20150801,,0.0474,20231201,0.000113,,,,,0.000005,0.047282,,,,,103572.29,0,103572.29,,,,,,,,,,,25375000,0,0,0,0,N,,,,,,,,,,,5532300,2183805,3348495,1219480,2.75,0.92,20141231,,,,,,,,1286114,499808,786306,300694,2.61,0.89,20150101,20150331,20131010,39600000,,,,,,,YN,,20131230,20131230,1,,,,CMSA,,2796171,2.29,,,648226,2.16,N,,,,,,1407869.47,,,,,,N,,25375000,S2,,,,,,,,,,,,,,,,,,,,WF,S
JPMBB13C17,,301410018,18,20150817,16000000,16000000,20150801,,0.0482,20231101,0.000113,,,,,0.000005,0.048082,,,,,66408.89,0,66408.89,,,,,,,,,,,16000000,0,0,0,0,N,,,,,,,,,,,2698871,538289,2160582,781912,2.76,1,20141231,,,,,,,,699075,136403,562672,192800,2.92,1,20150101,20150331,20130926,29000000,,,,,,,YN,,20131230,20131230,1,,,,CMSA,20140528,2006456,2.57,,,524141,2.72,N,,,,,,,,,,,,N,,16000000,H,,,,,,,,,,,,,,,,,,,,WF,S
JPMBB13C17,,301410019,19,20150817,15000000,15000000,20150801,,0.048475,20231101,0.000113,,,,,0.000005,0.048357,,,,,62613.54,0,62613.54,,,,,,,,,,,15000000,0,0,0,0,N,,,,,,,,,,,3319421,1757755,1561666,737224,2.12,0.95,20141231,,,,,,,,868735,465425,403310,181781,2.22,0.97,20150101,20150331,20130822,22700000,,,,,,,YN,,20131230,20131230,1,,,,CMSA,,1456666,1.98,,,377060,2.07,X,,,,,,68065.51,,,,,,N,,15000000,S2,,,,,,,,,,,,,,,,,,,,WF,S
JPMBB13C17,,301410020,20,20150817,14341432.88,14324940.38,20150801,,0.0512,20240101,0.000113,,,,,0.000005,0.051082,,,,,63229.78,16492.5,79722.28,,,,,,,,,,,14324940.38,0,0,0,0,N,,,,,,,,,,,2462785,862726,1600059,937368,1.71,1,20141231,,,,,,,,642853,219075,423778,234342,1.81,1,20150101,20150331,20131111,19940000,,,,,,,YN,,20131230,20131230,1,,,,CMSA,,1581059,1.69,,,419028,1.79,N,,,,,,35804.73,,,,,,N,,14650000,N,,,,,,,,,,,,,,,,,,,,WF,S
JPMBB13C17,,301410021,21,20150817,13967801.53,13951187.05,20150805,,0.0502,20231105,0.000513,,,,,0.000005,0.049682,,,,,60379.7,16614.48,76994.18,,,,,,,,,,,13951187.05,0,0,0,0,N,,,,,,,,,,,2563502,1166896,1396606,923930,1.51,0.96,20141231,,,,,,,,,,,,,,,,20131010,19100000,,,,,,,,,20131230,20131230,1,,,,CMSA,,1325606,1.43,,,,,X,,,,,250.59,74874.65,,,,,,N,,14310000,S2,,,,,,,,,,,,,,,,,,,,WF,S
JPMBB13C17,,301410024,24,20150817,12694051.75,12679223.39,20150801,,0.051024,20231101,0.000113,,,,,0.000005,0.050906,,,,,55774.28,14828.36,70602.64,,,,,,,,,,,12679223.39,0,0,0,0,N,,,,,,,,,,,3212803,1758063,1454740,847231,1.72,0.83,20141231,,,,,,,,791306,405204,386102,211807,1.82,0.78,20150101,20150331,20130924,18100000,,,,,,,YN,,20131230,20131230,1,,,,CMSA,,1130941,1.33,,,305153,1.44,N,,,,,8.49,398516.23,,,,,,N,,13000000,H,,,,,,,,,,,,,,,,,,,,WF,S
JPMBB13C17,,301410026,26,20150817,11536621.48,11523184.83,20150801,,0.050875,20231201,0.000113,,,,,0.000005,0.050757,,,,,50540.82,13436.65,63977.47,,,,,,,,,,,11523184.83,0,0,0,0,N,,,,,,,,,,,3978461,2560729,1417732,767729,1.85,0.71,20141231,,,,,,,,3963089,2599525.67,1363563.33,767729,1.78,0.73,20140401,20150331,20131001,19000000,,,,,,,TN,,20131230,20131230,1,,,,CMSA,,1265838,1.65,,,1211669.33,1.58,X,,,,,,262503.04,,,,,,N,,11800000,S1,,,,,,,,,,,,,,,,,,,,WF,S
JPMBB13C17,,301410027,27,20150817,11325594.87,11310737.42,20150801,,0.04563,20181101,0.000113,,,,,0.000005,0.045512,,,,,44501.09,14857.45,59358.54,,,,,,,,,,,11310737.42,0,0,0,0,N,,,,,,,,,,,2390304,1897928,492376,712302,0.69,0.91,20141231,,,,,,,,833801,402834,430967,178075,2.42,0.91,20150101,20150331,20130619,15700000,,,,,,,YN,,20131230,20131230,1,,,,CMSA,,340270,0.48,,,392941,2.21,N,,,,,10.09,333637.5,20140911,,,,,N,,11629000,S2,,,,,,,,,,,,,,,,,,,,WF,S
JPMBB13C17,,301410028,28,20150817,11233791.18,11220157.97,20150801,,0.049,20231201,0.000113,,,,,0.000005,0.048882,,,,,47400.36,13633.21,61033.57,,,,,,,,,,,11220157.97,0,0,0,0,N,,,,,,,,,,,1260191,196054,1064137,732402,1.45,1,20141231,,,,,,,,305764,47623,258141,183100,1.41,1,20150101,20150331,20130924,17080000,,,,,,,YN,,20131230,20131230,1,,,,CMSA,,1005274,1.37,,,243426,1.33,N,,,,,38.01,118186.62,,,,,,N,,11500000,S1,,,,,,,,,,,,,,,,,,,,WF,S
JPMBB13C17,,301410029,29,20150817,10952084.55,10939448.38,20150805,,0.0513,20231205,0.000113,,,,,0.000005,0.051182,,,,,48380.83,12636.17,61017,,,,,,,,,,,10939448.38,0,0,0,0,N,,,,,,,,,,,,,,,,,,,,,,,,,900824,644593,256231,183051,1.4,0.7,20150101,20150331,20131031,16500000,,,,,,,YN,,20131230,20131230,1,,,,CMSA,,,,,,218679,1.19,N,,,,,,777874.44,,,,,,N,,11200000,S2,,,,,,,,,,,,,,,,,,,,WF,S
JPMBB13C17,,301410030,30,20150817,10240567.17,10227928.12,20150805,,0.0485,20231105,0.000413,,,,,0.000005,0.048082,,,,,42768.59,12639.05,55407.64,,,,,,,,,,,10227928.12,0,0,0,0,N,,,,,,,,,,,2051009,977523,1073486,664892,1.61,0.93,20141231,,,,,,,,1080980,472107,608873,332446,1.83,0.93,20150101,20150630,20131009,14500000,,,,,,,YN,,20131230,20131230,1,,,,CMSA,20150720,1015486,1.53,,,579873,1.74,X,,,,,2.57,41810.77,,,,,,N,,10500000,S2,,,,,,,,,,,,,,,,,,,,WF,S
JPMBB13C17,,301410031,31,20150817,9838883.39,9820902.11,20150801,,0.04722,20200731,0.000113,,,,,0.000005,0.047102,,,,,40006.54,17981.28,57987.82,,,,,,,,,,,9820902.11,0,0,0,0,N,,,,,,,,,,,2119633,915169,1204464,695854,1.73,0.97,20141231,,,,,,,,626792,213734,413058,173964,2.37,0.97,20150101,20150331,20130908,14040000,,,,,,20181101,YN,,20131230,20131230,1,,,,CMSA,,1017224,1.46,,,366248,2.11,N,,,,,66.25,320901.77,,,,,,N,,10200000,H,,,,,,,,,,,,,,,,,,,,WF,S
JPMBB13C17,,301410033,33,20150817,9750000,9750000,20150801,,0.052,20231201,0.000113,,,,,0.000005,0.051882,,,,,43658.33,0,43658.33,,,,,,,,,,,9750000,0,0,0,0,N,,,,,,,,,,,1491914,565530,926384,514041,1.8,0.94,20141231,,,,,,,,391866,173048,218818,126750,1.73,0.95,20150101,20150331,20130822,13000000,,,,,,,YN,,20131230,20131230,1,,,,CMSA,,887124,1.73,,,209003,1.65,N,,,,,,65470.07,20141211,,,,,N,,9750000,S2,,,,,,,,,,,,,,,,,,,,WF,S
JPMBB13C17,,301410035,35,20150817,9240821.24,9230159.47,20150805,,0.0513,20231205,0.000688,,,,,0.000005,0.050607,,,,,40821.33,10661.77,51483.1,,,,,,,,,,,9230159.47,0,0,0,0,N,,,,,,,,,,,1126912,254233,872679,617797,1.41,0.91,20141231,,,,,,,,,,,,,,,,20131022,12800000,,,,,,,,,20131230,20131230,1,,,,CMSA,,781687,1.27,,,,,N,,,,,,464544.82,,,,,,N,,9450000,N,,,,,,,,,,,,,,,,,,,,WF,S
JPMBB13C17,,301410038,38,20150817,9000000,9000000,20150805,,0.0496,20231205,0.000313,,,,,0.000005,0.049282,,,,,38440,0,38440,,,,,,,,,,,9000000,0,0,0,0,N,,,,,,,,,,,862923,197467,665456,452600,1.47,1,20141231,,,,,,,,,,,,,,,,20131125,12200000,,,,,,,,,20131230,20131230,1,,,,CMSA,,655133,1.45,,,,,N,,,,,2.83,17208.95,,,,,,N,,9000000,S2,,,,,,,,,,,,,,,,,,,,WF,S
JPMBB13C17,,301410039,39,20150817,8700000,8700000,20150801,,0.0506,20231001,0.000113,,,,,0.000005,0.050482,,,,,37907.83,0,37907.83,,,,,,,,,,,8700000,0,0,0,0,N,,,,,,,,,,,1726075,653259,1072816,446334,2.4,0.9,20141231,,,,,,,,470139,225316,244823,111583,2.19,0.9,20150101,20150331,20130910,14600000,,,,,,,YN,,20131230,20131230,1,,,,CMSA,,1043816,2.34,,,237573,2.13,X,,,,,,121490.79,,,,,,N,,8700000,S2,,,,,,,,,,,,,,,,,,,,WF,S
JPMBB13C17,,301410042,42,20150817,8020263.1,8011112.09,20150805,,0.0518,20231205,0.000488,,,,,0.000005,0.051307,,,,,35774.83,9151.01,44925.84,,,,,,,,,,,8011112.09,0,0,0,0,N,,,,,,,,,,,1285002,410489,874513,539110,1.62,0.92,20141231,,,,,,,,,,,,,,,,20131022,11400000,,,,,,,,,20131230,20131230,1,,,,CMSA,,874513,1.62,,,,,N,,,,,,195635.64,,,,,,N,,8200000,N,,,,,,,,,,,,,,,,,,,,WF,S
JPMBB13C17,,301410045,45,20150817,7331368.13,7322758.28,20150805,,0.0505,20231205,0.000713,,,,,0.000005,0.049782,,,,,31881.27,8609.85,40491.12,,,,,,,,,,,7322758.28,0,0,0,0,N,,,,,,,,,,,1189971,392320,797651,485893,1.64,0.86,20141231,,,,,,,,277168,104884,172284,121473,1.42,0.99,20150101,20150331,20131104,10500000,,,,,,,YN,,20131230,20131230,1,,,,CMSA,,727331,1.5,,,154704,1.27,N,,,,,0.12,209445.72,,,,,,N,,7500000,SH,,,,,,,,,,,,,,,,,,,,WF,S
JPMBB13C17,,301410046,46,20150817,7017919.13,7009441.22,20150801,,0.04974,20231001,0.000113,,,,,0.000005,0.049622,,,,,30058.92,8477.91,38536.83,,,,,,,,,,,7009441.22,0,0,0,0,N,,,,,,,,,,,2130824,1216901,913923,462442,1.98,0.53,20141231,,,,,,,,1305380,670878,634502,231221,2.74,0.61,20150101,20150630,20130701,12750000,,,,,,,YN,,20131230,20131230,1,,,,CMSA,,825618,1.79,,,590350,2.55,X,,,,,3.41,144763.13,,,,,,N,,7200000,S2,,,,,,,,,,,,,,,,,,,,WF,S
JPMBB13C17,,301410047,47,20150817,6942531,6934503.11,20150801,,0.0512,20231201,0.000113,,,,,0.000005,0.051082,,,,,30608.85,8027.89,38636.74,,,,,,,,,,,6934503.11,0,0,0,0,N,,,,,,,,,,,1315971,563231,752740,463641,1.62,0.89,20141231,,,,,,,,673828,284117,389711,231821,1.68,0.88,20150101,20150630,20130620,12100000,,,,,,,YN,,20131230,20131230,1,,,,CMSA,,734848,1.58,,,380765,1.64,N,,,,,,116020,,,,,,N,,7100000,S2,,,,,,,,,,,,,,,,,,,,WF,S
JPMBB13C17,,301410048,48,20150817,6835566.68,6827968.8,20150801,,0.0535,20231001,0.000113,,,,,0.000005,0.053382,,,,,31491.08,7597.88,39088.96,,,,,,,,,,,6827968.8,0,0,0,0,N,,,,,,,,,,,1244737,303363,941374,469067,2.01,1,20141231,,,,,,,,353627,90720,262907,117266,2.24,1,20150101,20150331,20130409,10900000,,,,,,,YN,,20131230,20131230,1,,,,CMSA,,910374,1.94,,,255157,2.18,N,,,,,4.52,56868.98,,,,,,N,,7000000,S2,,,,,,,,,,,,,,,,,,,,WF,S
JPMBB13C17,,301410049,49,20150817,6718175.36,6709263.84,20150801,,0.0451,20181101,0.000113,,,,,0.000005,0.044982,,,,,26090.78,8911.52,35002.3,,,,,,,,,,,6709263.84,0,0,0,0,N,,,,,,,,,,,1206943,659549,547394,420028,1.3,0.81,20141231,,,,,,,,,,,,,,,,20130723,9600000,,,,,,,,,20131230,20131230,1,,,,CMSA,,510473,1.22,,,,,X,,,,,12.46,23085.65,,,,,,N,,6900000,SH,,,,,,,,,,,,,,,,,,,,WF,S
JPMBB13C17,,301410050,50,20150817,5472699.7,5466554.7,20150801,,0.0528,20231101,0.000113,,,,,0.000005,0.052682,,,,,24882.54,6145,31027.54,,,,,,,,,,,5466554.7,0,0,0,0,N,,,,,,,,,,,893789,296437,597352,372330,1.6,0.97,20141230,,,,,,,,,,,,,,,,20130827,7200000,,,,,,,,,20131230,20131230,1,,,,CMSA,,572552,1.54,,,,,N,,,,,0.05,29915.99,,,,,,N,,5600000,S2,,,,,,,,,,,,,,,,,,,,WF,S
JPMBB13C17,,301410051,51,20150817,5032007.16,5026306.09,20150801,,0.0524,20231101,0.000113,,,,,0.000005,0.052282,,,,,22705.53,5701.07,28406.6,,,,,,,,,,,5026306.09,0,0,0,0,N,,,,,,,,,,,659352,238307,421045,340879,1.24,1,20140930,,,,,,,,337013,107310,229703,170439,1.35,1,20141001,20150331,20130829,8300000,,,,,,,YN,,20131230,20131230,1,,,,CMSA,,407703,1.2,,,223032,1.31,N,,,,,,861,,,,,,N,,5150000,S2,,,,,,,,,,,,,,,,,,,,WF,S
JPMBB13C17,,301410053,53,20150817,4696638.56,4691386.9,20150805,,0.0527,20231205,0.000788,,,,,0.000005,0.051907,,,,,21313.61,5251.66,26565.27,,,,,,,,,,,4691386.9,0,0,0,0,N,,,,,,,,,,,679568,230344,449224,318783,1.41,1,20141231,,,,,,,,,,,,,,,,20131007,6910000,,,,,,,,,20131230,20131230,1,,,,CMSA,,440824,1.38,,,,,N,,,,,,13309.31,,,,,,N,,4800000,N,,,,,,,,,,,,,,,,,,,,WF,S
JPMBB13C17,,301410055,55,20150817,4085303.8,4080865.8,20150801,,0.0526,20231101,0.000113,,,,,0.000005,0.052482,,,,,18504.16,4438,22942.16,,,,,,,,,,,4080865.8,0,0,0,0,N,,,,,,,,,,,781859,318999,462860,252156,1.84,0.94,20141231,,,,,,,,422406,165123,257283,137653,1.87,0.96,20150101,20150630,20130809,5700000,,,,,,,YN,,20131230,20131230,1,,,,CMSA,,451983,1.79,,,251845,1.83,N,,,,,,19230.75,,,,,,N,,4150000,N,,,,,,,,,,,,,,,,,,,,WF,S
JPMBB13C17,,301410057,57,20150817,3622355.39,3618422.7,20150801,,0.054,20231201,0.000113,,,,,0.000005,0.053882,,,,,16843.95,3932.69,20776.64,,,,,,,,,,,3618422.7,0,0,0,0,N,,,,,,,,,,,679170,236121,443049,249320,1.78,0.88,20141231,,,,,,,,172791,55307.75,117483.25,62330,1.88,0.88,20150101,20150331,20131015,6150000,,,,,,,YN,,20131230,20131230,1,,,,CMSA,,397524,1.59,,,106102,1.7,N,,,,,0.9,84455.4,,,,,,N,,3700000,S2,,,,,,,,,,,,,,,,,,,,WF,S
JPMBB13C17,,301410060,60,20150817,3231300,3227823.85,20150801,,0.0544,20231201,0.000113,,,,,0.000005,0.054282,,,,,15136.85,3476.15,18613,,,,,,,,,,,3227823.85,0,0,0,0,N,,,,,,,,,,,681018,248713,432305,223356,1.94,0.94,20141231,,,,,,,,174958,61409.25,113548.75,55839,2.03,0.94,20150101,20150331,20131004,4500000,,,,,,,YN,,20131230,20131230,1,,,,CMSA,,397905,1.78,,,104948.75,1.88,N,,,,,,80527.46,,,,,,N,,3300000,S2,,,,,,,,,,,,,,,,,,,,WF,S
JPMBB13C17,,301410062,62,20150817,2727296.69,2723774.23,20150801,,0.0474,20230701,0.000113,,,,,0.000005,0.047282,,,,,11131.92,3522.46,14654.38,,,,,,,,,,,2723774.23,0,0,0,0,N,,,,,,,,,,,857679,560787,296892,175853,1.69,0.96,20141231,,,,,,,,451281,263808,187473,87926.5,2.13,1,20150101,20150630,20130425,3780000,,,,,,,YN,,20131230,20131230,1,,,,CMSA,,269892,1.53,,,173973,1.98,N,,,,,13.78,16726.63,,,,,,N,,2812500,S2,,,,,,,,,,,,,,,,,,,,WF,S
JPMBB13C17,,301410063,63,20150817,2638198.66,2635351.59,20150801,,0.0548,20231001,0.000113,,,,,0.000005,0.054682,,,,,12449.37,2847.07,15296.44,,,,,,,,,,,2635351.59,0,0,0,0,N,,,,,,,,,,,371019,131951,239068,183557,1.3,0.97,20141231,,,,,,,,,,,,,,,,20130617,3600000,,,,,,,,,20131230,20131230,1,,,,CMSA,,207870,1.13,,,,,N,,,,,,57197.14,,,,,,N,,2700000,S2,,,,,,,,,,,,,,,,,,,,WF,S
JPMBB13C17,,301410064,64,20150817,2056456.31,2054254.16,20150801,,0.0546,20231201,0.000113,,,,,0.000005,0.054482,,,,,9668.77,2202.15,11870.92,,,,,,,,,,,2054254.16,0,0,0,0,N,,,,,,,,,,,374888,92741,282147,142452,1.98,1,20141231,,,,,,,,94487,20506,73981,35613,2.08,1,20150101,20150331,20130626,2800000,,,,,,,YN,,20131230,20131230,1,,,,CMSA,,240979,1.69,,,63689,1.79,N,,,,,12.68,132528.4,,,,,,N,,2100000,S2,,,,,,,,,,,,,,,,,,,,WF,S
JPMBB13C17,,883100149,58,20150817,3331436.06,3326078.43,20150806,,0.055625,20230906,0.000113,,,,,0.000005,0.055507,,,,,15957.35,5357.63,21314.98,,,,,,,,,,,3326078.42,0,0,0,0,N,,,,,,,,,,,989885,585556,404329,255780,1.58,0.97,20141231,,,,,,,,268118,157451,110667,63945,1.73,0.97,20150101,20150331,20130725,5300000,,,,,,,YN,,20131230,20131230,1,,,,CMSA,,346729,1.36,,,96267,1.51,N,,,,,,35536.28,,,,,,N,,3450000,S1,,,,,,,,,,,,,,,,,,,,WF,S
JPMBB13C17,,883100154,37,20150817,3573977.97,3568286.89,20150806,,0.0562,20230906,0.000113,,,,,0.000005,0.056082,,,,,17296.07,5691.08,22987.15,,,,,,,,,,,3568286.89,0,7503.55,0,0,N,,,,,,,,,,,1326127,905712,420415,275846,1.52,0.98,20141231,,,,,,,,343219,230092,113127,68961,1.64,0.99,20150101,20150331,20130814,5800000,,,,,,,YN,,20131230,20131230,1,,,,CMSA,,348415,1.26,,,95127,1.38,N,,,,,,99974.58,,,,,,N,,3700000,S1,,,,,,,,,,,,,,,,,,,,WF,S
JPMBB13C17,,883100155,36,20150817,5264372.92,5255990.11,20150806,,0.0562,20230906,0.000113,,,,,0.000005,0.056082,,,,,25476.64,8382.81,33859.45,,,,,,,,,,,5255990.11,0,0,0,0,N,,,,,,,,,,,1762740,1173758,588982,406313,1.45,0.98,20141231,,,,,,,,482946,246751,236195,101578,2.33,0.97,20150101,20150331,20130814,8300000,,,,,,,YN,,20131230,20131230,1,,,,CMSA,,494582,1.22,,,212595,2.09,N,,,,,,56049.07,,,,,,N,,5450000,S1,,,,,,,,,,,,,,,,,,,,WF,S
JPMBB13C17,,883100157,25,20150817,11607877.46,11589332.3,20150806,,0.0556,20231006,0.000113,,,,,0.000005,0.055482,,,,,55575.94,18545.16,74121.1,,,,,,,,,,,11589332.29,0,0,0,0,N,,,,,,,,,,,11075163,9491486,1583677,889453,1.78,0.54,20141228,,,,,,,,,,,,,,,,20130816,21600000,,,,,,,,,20131230,20131230,1,,,,CMSA,,1122981,1.26,,,,,N,,,,,,63933.2,20150511,,,,,N,,12000000,S2,,,,,,,,,,,,,,,,,,,,WF,S
JPMBB13C17,,883100162,15,20150817,24013585.77,23986702.11,20150806,,0.0485,20181006,0.000513,,,,,0.000005,0.047982,,,,,100290.07,26883.66,127173.73,,,,,,,,,,,23986702.11,0,0,0,0,N,,,,,,,,,,,6138418,3504935,2633483,1185085,2.22,0.89,20141231,,,,,,,,6322072,3583071,2739001,1185085,2.31,0.89,20140401,20150331,20130826,34350000,,,,,,,YN,,20131230,20131230,1,,,,CMSA,20150721,2433983,2.05,,,2539501,2.14,N,,,,,,349798.8,,,,,,N,,24100000,S1,,,,,,,,,,,,,,,,,,,,WF,S
JPMBB13C17,,883100163,59,20150817,3242406.88,3237324.51,20150806,,0.0567,20231006,0.000113,,,,,0.000005,0.056582,,,,,15831.05,5082.37,20913.42,,,,,,,,,,,3237324.52,0,0,0,0,N,,,,,,,,,,,2118289,1444870,673419,250961,2.68,0.73,20141231,,,,,,,,490596,379543,111053,62740,1.77,0.74,20150101,20150331,20130726,6500000,,,,,,,YN,,20131230,20131230,1,,,,CMSA,,603118,2.4,,,93478,1.49,N,,,,,,94627.45,,,,,,N,,3350000,S1,,,,,,,,,,,,,,,,,,,,WF,S
JPMBB13C17,,883100164,6,20150817,46000000,46000000,20150806,,0.04955,20231106,0.000113,,,,,0.000005,0.049432,,,,,196273.06,0,196273.06,,,,,,,,,,,46000000,0,0,0,0,N,,,,,,,,,,,7143176,2124030,5019146,2310957,2.17,0.98,20141231,,,,,,,,3425931,996376,2429555,1152313,2.11,0.99,20150101,20150630,20130924,64600000,,,,,,,YN,,20131230,20131230,1,,,,CMSA,,4686178,2.03,,,2263072,1.96,N,,,,,,1658125.97,,,,,,N,,46000000,S2,,,,,,,,,,,,,,,,,,,,WF,S
JPMBB13C17,,883100165,61,20150817,2884147.5,2880626.06,20150806,,0.049,20181106,0.000113,,,,,0.000005,0.048882,,,,,12169.5,3521.44,15690.94,,,,,,,,,,,2880626.06,0,0,0,0,N,,,,,,,,,,,577882,187519,390363,188291,2.07,0.89,20141231,,,,,,,,292839,106638,186201,94145,1.98,0.94,20150101,20150630,20130730,4050000,,,,,,,YN,,20131230,20131230,1,,,,CMSA,20150507,382030,2.03,,,182035,1.93,N,,,,,,0.9,,,,,,N,,2956500,S1,,,,,,,,,,,,,,,,,,,,WF,S
JPMBB13C17,,883100166,52,20150817,5013361.1,5007845.68,20150806,,0.049,20181106,0.000513,,,,,0.000005,0.048482,,,,,21153.6,5515.42,26669.02,,,,,,,,,,,5007845.68,0,0,0,0,N,,,,,,,,,,,1409740,818183,591557,249645,2.37,0.94,20141231,,,,,,,,367476,199195,168281,61556,2.73,0.97,20150101,20150331,20130828,6870000,,,,,,,YN,,20131230,20131230,1,,,,CMSA,,551557,2.21,,,158281,2.57,N,,,,,,62743.28,,,,,,N,,5025000,S2,,,,,,,,,,,,,,,,,,,,WF,S
JPMBB13C17,,883100167,43,20150817,7856759.93,7848116.36,20150806,,0.049,20181106,0.000513,,,,,0.000005,0.048482,,,,,33151.16,8643.57,41794.73,,,,,,,,,,,7848116.37,0,0,0,0,N,,,,,,,,,,,2184254,1225249,959005,391234,2.45,0.92,20141231,,,,,,,,573685,301640,272045,96469,2.82,0.97,20150101,20150331,20130828,10550000,,,,,,,YN,,20131230,20131230,1,,,,CMSA,,871125,2.23,,,250075,2.59,N,,,,,,143250.05,,,,,,N,,7875000,S1,,,,,,,,,,,,,,,,,,,,WF,S
JPMBB13C17,,883100168,56,20150817,4055584.65,4051122.92,20150806,,0.049,20181106,0.000513,,,,,0.000005,0.048482,,,,,17112.31,4461.73,21574.04,,,,,,,,,,,4051122.92,0,0,0,0,N,,,,,,,,,,,1213009,712944,500065,201951,2.48,0.99,20141231,,,,,,,,321195,178191,143004,50487,2.83,0.94,20150101,20150331,20130828,5440000,,,,,,,YN,,20131230,20131230,1,,,,CMSA,,464065,2.3,,,134004,2.65,N,,,,,,59637.95,,,,,,N,,4065000,S1,,,,,,,,,,,,,,,,,,,,WF,S
JPMBB13C17,,883100169,40,20150817,8372035.41,8361923.74,20150806,,0.0495,20231106,0.000613,,,,,0.000005,0.048882,,,,,35685.8,10111.67,45797.47,,,,,,,,,,,8361923.74,0,0,0,0,N,,,,,,,,,,,1306256,548645,757611,549569,1.38,0.9,20141231,,,,,,,,318804,141442.16,177361.84,137392.25,1.29,0.88,20150101,20150331,20130827,11630000,,,,,,,YN,,20131230,20131230,1,,,,CMSA,,731582,1.33,,,170854.59,1.24,N,,,,,,45089.13,,,,,,N,,8580000,S2,,,,,,,,,,,,,,,,,,,,WF,S
JPMBB13C17,,883100170,34,20150817,9293802.9,9278656.99,20150806,,0.05408,20231106,0.000113,,,,,0.000005,0.053962,,,,,43280.21,15145.91,58426.12,,,,,,,,,,,9278656.99,0,0,0,0,N,,,,,,,,,,,2190201,1053160,1137041,701113,1.62,0.66,20141231,,,,,,,,580365,292666,287699,175278,1.64,0.66,20150101,20150331,20130717,15000000,,,,,,,YN,,20131230,20131230,1,,,,CMSA,,941723,1.34,,,238870,1.36,N,,,,,,171612,,,,,,N,,9600000,S1,,,,,,,,,,,,,,,,,,,,WF,S
JPMBB13C17,,883100171,17,20150817,18069690.7,18022708.44,20150806,,0.05121,20231106,0.000113,,,,,0.000005,0.051092,,,,,79682.82,46982.26,126665.08,,,,,,,,,,,18022708.44,0,0,0,0,N,,,,,,,,,,,3214831,1068984,2145847,1519980,1.41,0.98,20141231,,,,,,,,1512561,444873,1067688,759990,1.4,0.98,20150101,20150630,20130614,28500000,,,,,,,YN,,20131230,20131230,1,,,,CMSA,,1899990,1.25,,,944760,1.24,N,,,,,,240650.15,,,,,,N,,19000000,S1,,,,,,,,,,,,,,,,,,,,WF,S
JPMBB13C17,,883100172,5,20150817,47185493.54,47132834.05,20150806,,0.049655,20231206,0.000113,,,,,0.000005,0.049537,,,,,201757.96,52659.49,254417.45,,,,,,,,,,,47132834.05,0,0,0,0,N,,,,,,,,,,,12773272,6298761,6474511,2395398,2.7,0.85,20141231,,,,,,,,6085115,3011296,3073819,1526505,2.01,0.78,20150101,20150630,20131023,73200000,,,,,,,YN,,20131230,20131230,1,,,,CMSA,,6016407,2.51,,,2844767,1.86,N,,,,,,373738.64,,,,,,N,,47580000,S1,,,,,,,,,,,,,,,,,,,,WF,S
JPMBB13C17,,883100173,23,20150817,13300568.52,13286172.07,20150806,,0.05442,20231106,0.000113,,,,,0.000005,0.054302,,,,,62328.68,14396.45,76725.13,,,,,,,,,,,13286172.07,0,0,0,0,N,,,,,,,,,,,2894631,1467952,1426679,920702,1.55,0.96,20141231,,,,,,,,1587500,685803,901697,460351,1.96,0.95,20150101,20150630,20131030,23200000,,,,,,,YN,,20131230,20131230,1,,,,CMSA,,1335204,1.45,,,855960,1.86,N,,,,,,436781.36,,,,,,N,,13600000,S1,,,,,,,,,,,,,,,,,,,,WF,S
JPMBB13C17,,883100180,16,20150817,21000000,21000000,20150806,,0.04836,20231206,0.000113,,,,,0.000005,0.048242,,,,,87451,0,87451,,,,,,,,,,,21000000,0,0,0,0,N,,,,,,,,,,,3417828,1570323,1847505,1029665,1.79,0.8,20141231,,,,,,,,1870023,871108,998915,513422,1.95,0.97,20150101,20150630,20130916,30000000,,,,,,,YN,,20131230,20131230,1,,,,CMSA,,1611729,1.57,,,881028,1.72,X,,,,,,32347.61,,,,,,N,,21000000,S2,,,,,,,,,,,,,,,,,,,,WF,S
JPMBB13C17,,883100181,14,20150817,24600000,24600000,20150806,,0.04825,20231206,0.000613,,,,,0.000005,0.047632,,,,,102209.58,0,102209.58,,,,,,,,,,,24600000,0,0,0,0,N,,,,,,,,,,,4183461,1458574,2724887,1203435,2.26,0.85,20141231,,,,,,,,,,,,,,,,20131021,40500000,,,,,,,,,20131230,20131230,1,,,,CMSA,,2591398,2.15,,,,,X,,,,,,383306.26,,,,,,N,,24600000,S2,,,,,,,,,,,,,,,,,,,,WF,S
JPMBB13C17,,883100182,22,20150817,13491950.98,13476235.23,20150806,,0.05087,20231206,0.000113,,,,,0.000005,0.050752,,,,,59101.12,15715.75,74816.87,,,,,,,,,,,13476235.23,0,0,0,0,N,,,,,,,,,,,3106318,1601454,1504864,897802,1.68,0.94,20141231,,,,,,,,806174,446151,360023,224450,1.6,0.94,20150101,20150331,20131008,18500000,,,,,,,YN,,20131230,20131230,1,,,,CMSA,,1228366,1.37,,,290900,1.3,N,,,,,,452815.13,,,,,,N,,13800000,S2,,,,,,,,,,,,,,,,,,,,WF,S
JPMBB13C17,,883100183,54,20150817,4206117.84,4201340.13,20150806,,0.052,20231206,0.000113,,,,,0.000005,0.051882,,,,,18834.06,4777.71,23611.77,,,,,,,,,,,4201340.13,0,0,0,0,N,,,,,,,,,,,1013479,321427,692052,283341,2.44,0.85,20141231,,,,,,,,523049,160848,362201,141671,2.56,0.9,20150101,20150630,20131009,7700000,,,,,,,YN,,20131230,20131230,1,,,,CMSA,,685781,2.42,,,359066,2.53,N,,,,,,10457.33,,,,,,N,,4300000,S1,,,,,,,,,,,,,,,,,,,,WF,S
JPMBB13C17,,883100184,41,20150817,8325000,8325000,20150806,,0.0519,20231206,0.000113,,,,,0.000005,0.051782,,,,,37205.81,0,37205.81,,,,,,,,,,,8325000,0,0,0,0,N,,,,,,,,,,,1013455,249262,764193,438068,1.74,0.88,20141231,,,,,,,,272508,61568,210940,108017,1.95,0.84,20150101,20150331,,11100000,,,,,,,YN,,20131230,20131230,3,,,,CMSA,,744793,1.7,,,206091,1.91,N,,,,,,32369.74,,,,,,N,,8325000,S1,,,,,,,,,,,,,,,,,,,,WF,S
JPMBB13C17,,883100186,32,20150817,9686943.59,9676119.22,20150806,,0.05273,20231206,0.000113,,,,,0.000005,0.052612,,,,,43984.91,10824.37,54809.28,,,,,,,,,,,9676119.23,0,0,0,0,N,,,,,,,,,,,1602897,605834,997063,657711,1.52,0.93,20141231,,,,,,,,366794,129445,237349,164428,1.44,0.91,20150101,20150331,20131025,13200000,,,,,,,YN,,20131230,20131230,1,,,,CMSA,,876905,1.33,,,207311,1.26,N,,,,,,572844.74,,,,,,N,,9900000,S1,,,,,,,,,,,,,,,,,,,,WF,S
JPMBB13C17,,883100187,44,20150817,7341588.92,7322559.1,20150806,,0.05086,20231206,0.000113,,,,,0.000005,0.050742,,,,,32153.3,19029.82,51183.12,,,,,,,,,,,7322559.1,0,0,0,0,N,,,,,,,,,,,1011331,244551,766780,614197,1.25,1,20141231,,,,,,,,475330,93135,382195,307098,1.24,1,20150101,20150630,20131010,11850000,,,,,,,YN,,20131230,20131230,1,,,,CMSA,20150224,724786,1.18,,,361198,1.18,N,,,,,,55704.26,,,,,,N,,7700000,S2,,,,,,,,,,,,,,,,,,,,WF,S
