JPMBB13C17,,301410001,1,20180316,111667082,111447773.2,20180301,,0.04366,20240101,0.000113,,,,,0.000005,0.043542,,,,,379196.6,219308.87,598505.47,,0,,,,,,0,,0,111447773.2,0,0,0,0,N,,,,,,,,,,,35743049,12326060,23416989,13167120,1.7784,0.95,20171231,34335056,11571783,22763273,13167120,1.7287,0.95,20161231,,,,,,,,,20131115,366000000,,,,,,,YN,,20131230,20131230,1,,,,CREFC,,22517287,1.7101,21863571,1.6604,,,X,,,,,0,4875109.62,,0,0,0,,N,,220000000,S2,,,,,,,,,,,0,,,,0,,,,,WF,S,20180213,20180312,N,,,,,,,0,JPMBB13C17
JPMBB13C17,,301410002,2,20180316,90805694.46,90653584.52,20180301,,0.049127,20231101,0.000213,,,,,0.000005,0.048909,,,,,346967.55,152109.94,499077.49,,0,,,,,,0,,0,90653584.52,0,0,0,0,N,,,,,,,,,,,12155465,2058703,10096762,5988930,1.6859,1,20171231,12141824,1963547,10178277,5988930,1.6995,1,20161231,,,,,,,,,,125500000,,,,,,,,,20131230,20131230,7,,,,CREFC,,9130354,1.5245,9211869,1.5381,,,X,,,,,727.15,1338966.97,,0,0,0,,N,,93900000,H,,,,,,,,,,,0,,,,0,,,,,WF,S,20180213,20180312,N,,,,,,,0,JPMBB13C17
JPMBB13C17,,301171001,3,20180316,86988076.56,86841073.52,20180301,,0.0483334,20231101,0.000113,,,,,0.000005,0.0482154,,,,,327011.18,147003.04,474014.22,,0,,,,,,0,,0,86841073.52,0,0,0,0,N,,,,,,,,,,,23100956,8232921,14868035,14220427,1.0455,0.95,20161231,23030082,8148531,14881551,11553417,1.288,0.93,20151231,16571719,5875833,10695886,10665320,1.0028,0.93,20170101,20170930,20130910,365000000,,,,,,,YN,,20131230,20131230,1,,,,CREFC,,14806035,1.0411,14819551,1.2826,10649386,0.9985,X,,,,,0,,20170213,0,0,0,,N,,225000000,H,,,,,,,,,,,0,,,,0,,,,,WF,S,20180213,20180312,N,,,,,,,0,JPMC13C16
JPMBB13C17,,301410004,4,20180316,70795339.69,70676735.08,20180301,,0.0487,20231201,0.000113,,,,,0.000005,0.048582,,,,,268157.01,118604.61,386761.62,,0,,,,,,0,,0,70676735.08,0,0,0,0,N,,,,,,,,,,,16252465,5908745,10343720,4641139,2.2287,1,20171231,14732991,5783379,8949612,4641139,1.9283,0.98,20161231,,,,,,,,,20131015,123000000,,,,,,,,,20131230,20131230,1,,,,CREFC,,8793794,1.8947,7399686,1.5943,,,N,,,,,0,2671528.81,,0,0,0,,N,,73125000,H,,,,,,,,,,,0,,,,0,,,,,WF,S,20180213,20180312,N,,,,,,,0,JPMBB13C17
JPMBB13C17,,883100172,5,20180316,45341630.84,45262325.29,20180306,,0.049655,20231206,0.000113,,,,,0.000005,0.049537,,,,,175111.9,79305.55,254417.45,,0,,,,,,0,,0,45262325.29,0,0,0,0,N,,,,,,,,,,,13790441,6933965,6856476,3053009,2.2458,0.82,20161231,13056582,6545807,6510775,3053009,2.1325,0.81,20151231,11681004,5526541,6154463,2289756,2.6878,0.87,20170101,20170930,20131023,73200000,,,,,,,YN,,20131230,20131230,1,,,,CREFC,,6398372,2.0957,6052671,1.9825,5810885,2.5377,N,,,,,0,922668.45,,0,0,0,,N,,47580000,S1,,,,,,,,,,,0,,,,0,,,,,WF,S,20180213,20180312,N,,,,,,,0,JPMBB13C17
JPMBB13C17,,883100164,6,20180316,45184207.42,45112667.93,20180306,,0.04955,20231106,0.000113,,,,,0.000005,0.049432,,,,,174134.91,71539.49,245674.4,,0,,,,,,0,,0,45112667.93,0,0,0,0,N,,,,,,,,,,,7736939,2356535,5380404,2373022,2.2673,1,20161231,7488811,2165060,5323751,2310957,2.3036,0.99,20151231,5811499,1647577,4163922,2211070,1.8832,1,20170101,20170930,20130924,64600000,,,,,,,YN,,20131230,20131230,1,,,,CREFC,,5047436,2.127,4990783,2.1596,3914196,1.7702,N,,,,,0,62733.71,,0,0,0,,N,,46000000,S2,,,,,,,,,,,0,,,,0,,,,,WF,S,20180213,20180312,N,,,,,,,0,JPMBB13C17
JPMBB13C17,,301410007,7,20180316,30446369.47,30397975.24,20180301,,0.0492,20231101,0.000413,,,,,0.000005,0.048782,,,,,116508.11,48394.23,164902.34,,0,,,,,,0,,0,30397975.24,0,0,0,0,N,,,,,,,,,,,3710260,845419,2864841,1588422,1.8035,1,20161231,3686014,934238,2751776,1546383,1.7794,0.83,20151231,3487616,688491,2799125,1484121,1.886,1,20170101,20170930,20130918,51000000,,,,,,,YN,,20131230,20131230,1,,,,CREFC,,2727535,1.7171,2614470,1.6907,2696146,1.8166,X,,,,,117.17,21377.2,,0,0,0,,N,,31000000,S1,,,,,,,,,,,0,,,,0,,,,,WF,S,20180213,20180312,N,,,,,,,0,JPMBB13C17
JPMBB13C17,,301410008,8,20180316,29509738.88,29463394.7,20180301,,0.049875,20231201,0.000313,,,,,0.000005,0.049557,,,,,114473.2,46344.18,160817.38,,0,,,,,,0,,0,29463394.7,0,0,0,0,N,,,,,,,,,,,4752140,2320912,2431228,1521188,1.5982,0.89,20161231,5409637,2686564,2723073,1517031,1.795,0.89,20151231,2643182.32,1332967.23,1310215.09,964904.45,1.3578,0.94,20170101,20170630,20131009,39000000,,,,,,,YN,,20131230,20131230,1,,,,CREFC,,2155225,1.4168,2447070,1.613,1172214.09,1.2148,X,,,,,2106.21,1930671.53,,0,0,0,,N,,30000000,S2,,,,,,,,,,,0,,,,0,,,,,WF,S,20180213,20180312,N,,,,,,,0,JPMBB13C17
JPMBB13C17,,301410009,9,20180316,28010880.31,27958298.9,20180301,,0.048675,20231101,0.000113,,,,,0.000005,0.048557,,,,,106044.52,52581.41,158625.93,,0,,,,,,0,,0,27958298.9,0,0,0,0,N,,,,,,,,,,,5627921,2838788,2789133,1903511,1.4652,0.8,20161231,4215205,2182822,2032383,1903511,1.0677,0.77,20151231,2681582,1367034,1314548,951755,1.3811,0.67,20170101,20170630,20130918,43000000,,,,,,,YN,,20131230,20131230,1,,,,CREFC,20150410,2499159,1.3129,1742409,0.9153,1169560,1.2288,X,,,,,574.48,1286185.55,,0,0,0,,N,,30000000,SH,,,,,,,,,,,0,,,,0,,,,,WF,S,20180213,20180312,N,,,,,,,0,JPMBB13C17
JPMBB13C17,,301410013,13,20180316,25317597.45,25278719.88,20180301,,0.0474,20231201,0.000113,,,,,0.000005,0.047282,,,,,93337.54,38877.57,132215.11,,0,,,,,,0,,0,25278719.88,0,0,0,0,N,,,,,,,,,,,5880911,2446070,3434841,1219480,2.8166,0.94,20171231,4555870,1897065,2658805,1222821,2.1743,0.82,20161231,,,,,,,,,20131010,39600000,,,,,,,YN,,20131230,20131230,1,,,,CREFC,,2882517,2.3637,2106481,1.7226,,,N,,,,,0,261839.49,,0,0,0,,N,,25375000,SH,,,,,,,,,,,0,,,,0,,,,,WF,S,20180213,20180312,N,,,,,,,0,JPMBB13C17
JPMBB13C17,,883100162,15,20180316,23075060.86,23034931.39,20180306,,0.0485,20181006,0.000513,,,,,0.000005,0.047982,,,,,87044.26,40129.47,127173.73,,0,,,,,,0,,0,23034931.39,0,0,0,0,N,,,,,,,,,,,,,,,,,,,,,,,,,,,,,,,,,,,,,,,,,,,20131230,20171228,,,,,,20150721,,,,,,,F,,,,,0,,,0,0,0,,N,,24100000,,,,,,,,,,,,0,,,,0,,,,,WF,S,20180213,20180312,N,,,,,,,0,JPMBB13C17
JPMBB13C17,,883100180,16,20180316,20646178.29,20613198.3,20180306,,0.04836,20231206,0.000113,,,,,0.000005,0.048242,,,,,77657.16,32979.99,110637.15,,0,,,,,,0,,0,20613198.3,0,0,0,0,N,,,,,,,,,,,4083391,1636155,2447236,1032486,2.3702,0.92,20161231,3881750,1781319,2100431,1029665,2.0399,0.93,20151231,3045486,1222545,1822941,995734,1.8307,0.88,20170101,20170930,20130916,30000000,,,,,,,YN,,20131230,20131230,1,,,,CREFC,,2211460,2.1418,1864655,1.8109,1646110,1.6531,X,,,,,0,42415.35,,0,0,0,,N,,21000000,S2,,,,,,,,,,,0,,,,0,,,,,WF,S,20180213,20180312,N,,,,,,,0,JPMBB13C17
JPMBB13C17,,883100171,17,20180316,16473136.02,16412083.44,20180306,,0.05121,20231106,0.000113,,,,,0.000005,0.051092,,,,,65612.5,61052.58,126665.08,,0,,,,,,0,,0,16412083.44,0,0,0,0,N,,,,,,,,,,,3261680,933129,2328551,1519980,1.5319,0.98,20161231,3332506,948332,2384174,1519980,1.5685,0.98,20151231,2496078,633543,1862535,1139985,1.6338,0.87,20170101,20170930,20130614,28500000,,,,,,,YN,,20131230,20131230,1,,,,CREFC,,2082694,1.3702,2138317,1.4068,1678143,1.472,N,,,,,0,516382.65,,0,0,0,,N,,19000000,S1,,,,,,,,,,,0,,,,0,,,,,WF,S,20180213,20180312,N,,,,,,,0,JPMBB13C17
JPMBB13C17,,301410018,18,20180316,16000000,16000000,20180301,,0.0482,20231101,0.000113,,,,,0.000005,0.048082,,,,,59982.22,0,59982.22,,0,,,,,,0,,0,16000000,0,0,0,0,N,,,,,,,,,,,2695848,554554,2141294,784053,2.731,1,20161231,2714565,528468,2186097,781911,2.7958,1,20151231,3084747.86,625530.8,2459217.06,781911.23,3.1451,1,20160701,20170630,20130926,29000000,,,,,,,TN,,20131230,20131230,1,,,,CREFC,20140528,1987168,2.5344,2031971,2.5987,2305091.65,2.948,N,,,,,0,,,0,0,0,,N,,16000000,H,,,,,,,,,,,0,,,,0,,,,,WF,S,20180213,20180312,N,,,,,,,0,JPMBB13C17
JPMBB13C17,,301410019,19,20180316,14728220.3,14704618.73,20180301,,0.048475,20231101,0.000113,,,,,0.000005,0.048357,,,,,55529.48,23601.57,79131.05,,0,,,,,,0,,0,14704618.73,0,0,0,0,N,,,,,,,,,,,3692338,1864791,1827547,949573,1.9245,0.91,20171231,3617394,1831488,1785906,774299,2.3064,0.95,20161231,,,,,,,,,20130822,22700000,,,,,,,,,20131230,20131230,1,,,,CREFC,,1722547,1.814,1680906,2.1708,,,X,,,,,0,43758.05,,0,0,0,,N,,15000000,S2,,,,,,,,,,,0,,,,0,,,,,WF,S,20180213,20180312,N,,,,,,,0,JPMBB13C17
JPMBB13C17,,301410020,20,20180316,13762773.81,13737857.95,20180301,,0.0512,20240101,0.000113,,,,,0.000005,0.051082,,,,,54806.42,24915.86,79722.28,,0,,,,,,0,,0,13737857.95,0,0,0,0,N,,,,,,,,,,,2724907,971626,1753281,956667,1.8326,1,20171231,2640059,948057,1692002,956667,1.7686,1,20161231,,,,,,,,,20131111,19940000,,,,,,,,,20131230,20131230,1,,,,CREFC,,1734281,1.8128,1673002,1.7487,,,N,,,,,0,85146.5,,0,0,0,,N,,14650000,N,,,,,,,,,,,0,,,,0,,,,,WF,S,20180213,20180312,N,,,,,,,0,JPMBB13C17
JPMBB13C17,,883100182,22,20180316,12941374.71,12917761.11,20180306,,0.05087,20231206,0.000113,,,,,0.000005,0.050752,,,,,51203.27,23613.6,74816.87,,0,,,,,,0,,0,12917761.11,0,0,0,0,N,,,,,,,,,,,3281482,1635900,1645582,897802,1.8329,0.97,20161231,3137581,1654697,1482884,897802,1.6516,0.91,20151231,2433251,1166286,1266965,673351,1.8815,0.85,20170101,20170930,20131008,18500000,,,,,,,YN,,20131230,20131230,1,,,,CREFC,,1369084,1.5249,1206386,1.3437,1059593,1.5736,N,,,,,0,212097.42,,0,0,0,,N,,13800000,S2,,,,,,,,,,,0,,,,0,,,,,WF,S,20180213,20180312,N,,,,,,,0,JPMBB13C17
JPMBB13C17,,883100173,23,20180316,12789638.46,12767047.61,20180306,,0.05442,20231106,0.000113,,,,,0.000005,0.054302,,,,,54134.28,22590.85,76725.13,,0,,,,,,0,,0,12767047.61,0,0,0,0,N,,,,,,,,,,,3407041,1458554,1948487,920702,2.1163,0.89,20171231,3358895,1498283,1860612,920701,2.0208,0.94,20161231,,,,,,,,,20131030,23200000,,,,,,,,,20131230,20131230,1,,,,CREFC,,1857012,2.0169,1769137,1.9215,,,N,,,,,0,438203.22,,0,0,0,,N,,13600000,S1,,,,,,,,,,,0,,,,0,,,,,WF,S,20180213,20180312,N,,,,,,,0,JPMBB13C17
JPMBB13C17,,301410024,24,20180316,12174454.91,12152167,20180301,,0.051024,20231101,0.000113,,,,,0.000005,0.050906,,,,,48314.73,22287.91,70602.64,,0,,,,,,0,,0,12152167,0,0,0,0,N,,,,,,,,,,,3690026,1691795,1998231,847232,2.3585,0.78,20171231,3393887,1629798,1764089,847231,2.0821,0.8,20161231,,,,,,,,,20130924,18100000,,,,,,,,,20131230,20131230,1,,,,CREFC,,1674432,1.9763,1440290,1.6999,,,N,,,,,8.49,511889.15,,0,0,0,,N,,13000000,H,,,,,,,,,,,0,,,,0,,,,,WF,S,20180213,20180312,N,,,,,,,0,JPMBB13C17
JPMBB13C17,,301410026,26,20180316,11065881.34,11045690.95,20180301,,0.050875,20231201,0.000113,,,,,0.000005,0.050757,,,,,43787.08,20190.39,63977.47,,0,,,,,,0,,0,11045690.95,0,0,0,0,N,,,,,,,,,,,4936329,2898387,2037942,767730,2.6545,0.82,20161231,4514436,3089894,1424542,767730,1.8555,0.79,20151231,5345728,3028258,2317470,767730,3.0186,0.84,20161001,20170930,20131001,19000000,,,,,,,TN,,20131230,20131230,1,,,,CREFC,,1886048,2.4566,1272648,1.6576,2165576,2.8207,X,,,,,0.01,733708.95,,0,0,0,,N,,11800000,S1,,,,,,,,,,,0,,,,0,,,,,WF,S,20180213,20180312,N,,,,,,,0,JPMBB13C17
JPMBB13C17,,301410027,27,20180316,10814437.78,10793459.68,20180301,,0.04563,20181101,0.000113,,,,,0.000005,0.045512,,,,,38380.44,20978.1,59358.54,,0,,,,,,0,,0,10793459.68,0,0,0,0,N,,,,,,,,,,,3177369,1718871,1458498,712302,2.0475,0.83,20161231,3456625,1734502,1722123,712302,2.4176,0.89,20151231,1618673,963992,654681,356151,1.8382,0.83,20170101,20170630,20130619,15700000,,,,,,,YN,,20131230,20131230,1,,,,CREFC,,1306392,1.834,1570017,2.2041,578628,1.6246,N,,,,,10.09,684026.41,,0,0,0,,N,,11629000,SH,,,,,,,,,,,0,,,,0,,,,,WF,S,20180213,20180312,N,,,,,,,0,JPMBB13C17
JPMBB13C17,,301410028,28,20180316,10759321.35,10739292.75,20180301,,0.049,20231201,0.000113,,,,,0.000005,0.048882,,,,,41004.97,20028.6,61033.57,,0,,,,,,0,,0,10739292.75,0,0,0,0,N,,,,,,,,,,,1330796,225528,1105268,732403,1.509,1,20171231,1293892,225919,1067973,732402,1.4581,1,20161231,,,,,,,,,20130924,17080000,,,,,,,,,20131230,20131230,1,,,,CREFC,,1046405,1.4287,1009110,1.3778,,,N,,,,,38.01,270407.7,,0,0,0,,N,,11500000,S1,,,,,,,,,,,0,,,,0,,,,,WF,S,20180213,20180312,N,,,,,,,0,JPMBB13C17
JPMBB13C17,,301410029,29,20180316,10508705.25,10489617.98,20180305,,0.0513,20231205,0.000113,,,,,0.000005,0.051182,,,,,41929.73,19087.27,61017,,0,,,,,,0,,0,10489617.98,0,0,0,0,N,,,,,,,,,,,3287737,2434853,852884,732204,1.1648,0.66,20171231,3496016,2565690,930326,732204,1.2705,0.67,20161231,,,,,,,,,20131031,16500000,,,,,,,,,20131230,20131230,1,,,,CREFC,,721375,0.9852,780117,1.0654,,,N,,,,,0,143991.74,20161011,0,0,0,,N,,11200000,S2,,,,,,,,,,,0,,,,0,,,,,WF,S,20180213,20180312,N,,,,,,,0,JPMBB13C17
JPMBB13C17,,301410010,10,20180316,9829157.2,9813672.7,20180301,,0.05,20231101,0.000588,,,,,0.000005,0.049407,,,,,38224.5,15484.5,53709,,0,,,,,,0,,0,9813672.7,0,0,0,0,N,,,,,,,,,,,3360973,1678875,1682098,520609,3.231,0.96,20161231,3101479,1620281,1481198,507198,2.9203,0.96,20151231,2775565,1266362,1509203,483381,3.1221,0.96,20170101,20170930,20130918,17300000,,,,,,,YN,,20131230,20131230,1,,,,CREFC,,1530215,2.9392,1329315,2.6208,1395291,2.8865,X,,,,,50.84,103454.77,,0,0,0,,N,,10005000,S1,,,,,,,,,,,0,,,,0,,,,,WF,S,20180213,20180312,N,,,,,,,0,JPMBB13C17
JPMBB13C17,,301410030,30,20180316,9801586.3,9783152.42,20180305,,0.0485,20231105,0.000413,,,,,0.000005,0.048082,,,,,36973.76,18433.88,55407.64,,0,,,,,,0,,0,9783152.42,0,0,0,0,N,,,,,,,,,,,2224596,911955,1312641,664892,1.9742,0.95,20171231,2105601.15,966778.7,1138822.45,664891.68,1.7127,0.97,20161231,,,,,,,,,20131009,14500000,,,,,,,,,20131230,20131230,1,,,,CREFC,20150720,1254641,1.8869,1080822.45,1.6255,,,X,,,,,36.53,18894.41,,0,0,0,,N,,10500000,S2,,,,,,,,,,,0,,,,0,,,,,WF,S,20180213,20180312,N,,,,,,,0,JPMBB13C17
JPMBB13C17,,301410033,33,20180316,9459041.75,9443760.01,20180301,,0.052,20231201,0.000113,,,,,0.000005,0.051882,,,,,38256.57,15281.74,53538.31,,0,,,,,,0,,0,9443760.01,0,0,0,0,N,,,,,,,,,,,1645215.12,628461.19,1016753.93,642459,1.5825,0.93,20161231,1553733,549707,1004026,514041,1.9532,0.93,20151231,1251066,522811,728255,481844,1.5113,0.99,20170101,20170930,20130822,13000000,,,,,,,YN,,20131230,20131230,1,,,,CREFC,,977493.93,1.5214,964766,1.8768,698810,1.4502,N,,,,,3.56,21233.16,,0,0,0,,N,,9750000,S2,,,,,,,,,,,0,,,,0,,,,,WF,S,20180213,20180312,N,,,,,,,0,JPMBB13C17
JPMBB13C17,,883100186,32,20180316,9305117.37,9288470.44,20180306,,0.05273,20231206,0.000113,,,,,0.000005,0.052612,,,,,38162.35,16646.93,54809.28,,0,,,,,,0,,0,9288470.45,0,0,0,0,N,,,,,,,,,,,1428456,612608,815848,657711,1.2404,0.79,20161231,1495034,639352,855682,657711,1.3009,0.79,20151231,1056024,390472,665552,493283,1.3492,0.77,20170101,20170930,20131025,13200000,,,,,,,YN,,20131230,20131230,1,,,,CREFC,,695690,1.0577,735524,1.1183,575435,1.1665,N,,,,,0,36438.05,,0,0,0,,N,,9900000,S1,,,,,,,,,,,0,,,,0,,,,,WF,S,20180213,20180312,N,,,,,,,0,JPMBB13C17
JPMBB13C17,,301410031,31,20180316,9226100.64,9201997.21,20180301,,0.04722,20200731,0.000113,,,,,0.000005,0.047102,,,,,33884.39,24103.43,57987.82,,0,,,,,,0,,0,9201997.21,0,0,0,0,N,,,,,,,,,,,2570715,1058503,1512212,695853,2.1731,0.96,20171231,2404072,926933,1477139,695853,2.1227,0.94,20161231,,,,,,,,,20130908,14040000,,,,,,20181101,,,20131230,20131230,1,,,,CREFC,,1324972,1.904,1289899,1.8536,,,N,,,,,81.58,183953.63,,0,0,0,,N,,10200000,H,,,,,,,,,,,0,,,,0,,,,,WF,S,20180213,20180312,N,,,,,,,0,JPMBB13C17
JPMBB13C17,,301410011,11,20180316,9141460.03,9127058.9,20180301,,0.05,20231101,0.000588,,,,,0.000005,0.049407,,,,,35550.12,14401.13,49951.25,,0,,,,,,0,,0,9127058.9,0,0,0,0,N,,,,,,,,,,,2998594,1539770,1458824,484184,3.0129,0.95,20161231,2732988,1472307,1260681,471712,2.6725,0.96,20151231,2494052,1095345,1398707,449561,3.1112,0.97,20170101,20170930,20130918,17400000,,,,,,,YN,,20131230,20131230,1,,,,CREFC,,1337736,2.7628,1139593,2.4158,1307891,2.9092,X,,,,,38.58,79392.32,,0,0,0,,N,,9305000,S1,,,,,,,,,,,0,,,,0,,,,,WF,S,20180213,20180312,N,,,,,,,0,JPMBB13C17
JPMBB13C17,,301410035,35,20180316,8866719.74,8850614.85,20180305,,0.0513,20231205,0.000688,,,,,0.000005,0.050607,,,,,35378.21,16104.89,51483.1,,0,,,,,,0,,0,8850614.85,0,0,0,0,N,,,,,,,,,,,553289,248911,304378,617797,0.4926,0.39,20161231,983231,292315,690916,617797,1.1183,0.39,20151231,383835,191692,192143,463348,0.4146,0.35,20170101,20170930,20131022,12800000,,,,,,,YN,,20131230,20131230,1,,,,CREFC,,213386,0.3453,599924,0.971,123901,0.2674,N,,,,,0,500823.92,20160311,0,0,0,,N,,9450000,N,,,,,,,,,,,0,,,,0,,,,,WF,S,20180213,20180312,N,,,,,,,0,JPMBB13C17
JPMBB13C17,,301410012,12,20180316,8782875.11,8769038.89,20180301,,0.05,20231101,0.000588,,,,,0.000005,0.049407,,,,,34155.63,13836.22,47991.85,,0,,,,,,0,,0,8769038.89,0,0,0,0,N,,,,,,,,,,,2857043,1392293,1464750,465191,3.1487,0.97,20161231,2569474,1385898,1183576,453208,2.6115,0.94,20151231,2314721,1013264,1301457,431927,3.0131,0.95,20170101,20170930,20130918,15200000,,,,,,,YN,,20131230,20131230,1,,,,CREFC,,1365831,2.936,1084657,2.3932,1227268,2.8413,X,,,,,35.31,72562.29,,0,0,0,,N,,8940000,S1,,,,,,,,,,,0,,,,0,,,,,WF,S,20180213,20180312,N,,,,,,,0,JPMBB13C17
JPMBB13C17,,883100170,34,20180316,8768072.49,8746526.83,20180306,,0.05408,20231106,0.000113,,,,,0.000005,0.053962,,,,,36880.46,21545.66,58426.12,,0,,,,,,0,,0,8746526.83,0,0,0,0,N,,,,,,,,,,,,,,,,,,2349361,1167004,1182357,701113,1.6864,0.7,20151231,1837655,967738,869917,525835,1.6543,0.77,20170101,20170930,20130717,15000000,,,,,,,YN,,20131230,20131230,1,,,,CREFC,,,,987039,1.4078,723429,1.3757,N,,,,,0,84807.65,,0,0,0,,N,,9600000,S1,,,,,,,,,,,0,,,,0,,,,,WF,S,20180213,20180312,N,,,,,,,0,JPMBB13C17
JPMBB13C17,,301410038,38,20180316,8718298.23,8703837.32,20180305,,0.0496,20231205,0.000313,,,,,0.000005,0.049282,,,,,33633.26,14460.91,48094.17,,0,,,,,,0,,0,8703837.32,0,0,0,0,N,,,,,,,,,,,945184,151721,793463,577130,1.3748,1,20171231,942186,147554,794632,577130,1.3768,0.86,20161231,,,,,,,,,20131125,12200000,,,,,,,YN,,20131230,20131230,1,,,,CREFC,,783140,1.3569,784309,1.3589,,,N,,,,,2.83,30992.89,,0,0,0,,N,,9000000,S2,,,,,,,,,,,0,,,,0,,,,,WF,S,20180213,20180312,N,,,,,,,0,JPMBB13C17
JPMBB13C17,,301410039,39,20180316,8700000,8700000,20180301,,0.0506,20231001,0.000113,,,,,0.000005,0.050482,,,,,34239.33,0,34239.33,,0,,,,,,0,,0,8700000,0,0,0,0,N,,,,,,,,,,,1680452,848604,831848,446334,1.8637,0.91,20171231,1427954,890075,537879,447557,1.2018,0.62,20161231,,,,,,,,,20130910,14600000,,,,,,,,,20131230,20131230,1,,,,CREFC,,802848,1.7987,508879,1.137,,,X,,,,,0,46978.38,,0,0,0,,N,,8700000,S2,,,,,,,,,,,0,,,,0,,,,,WF,S,20180213,20180312,N,,,,,,,0,JPMBB13C17
JPMBB13C17,,883100184,41,20180316,8076067.82,8063006.14,20180206,,0.0519,20231206,0.000113,,,,,0.000005,0.051782,,,,,32600.39,13061.68,45662.07,,0,,,,,,0,,0,8076067.82,45630.66,0,0,B,N,,,,,,,,,,,1050878,233979,816899,547946,1.4908,0.79,20161231,1068096,222636,845460,438069,1.9299,0.83,20151231,847718,234229,613489,410958,1.4928,0.83,20170101,20170930,,11100000,,,,,,,YN,,20131230,20131230,3,,,,CREFC,,797499,1.4554,826060,1.8856,598941,1.4574,N,,,,,0,26196,,0,0,0,,N,,8325000,S2,,,,,,,,,,,0,,,,0,,,,,WF,S,20180213,20180312,N,,,,,,,0,JPMBB13C17
JPMBB13C17,,883100169,40,20180316,8019623.48,8004701.56,20180306,,0.0495,20231106,0.000613,,,,,0.000005,0.048882,,,,,30875.55,14921.92,45797.47,,0,,,,,,0,,0,8004701.57,0,0,0,0,N,,,,,,,,,,,1264555,612302,652253,549569,1.1868,0.8,20161231,1327414,582526,744888,549569,1.3554,0.96,20151231,,,,,,,,,20130827,11630000,,,,,,,,,20131230,20131230,1,,,,CREFC,,626224,1.1394,718859,1.308,,,N,,,,,0,60829.68,,0,0,0,,N,,8580000,S2,,,,,,,,,,,0,,,,0,,,,,WF,S,20180213,20180312,N,,,,,,,0,JPMBB13C17
JPMBB13C17,,301410042,42,20180316,7698581.89,7684672.78,20180305,,0.0518,20231205,0.000488,,,,,0.000005,0.051307,,,,,31016.73,13909.11,44925.84,,0,,,,,,0,,0,7684672.78,0,0,0,0,N,,,,,,,,,,,1404849,409444,995405,539110,1.8463,1,20161231,1338974,388308,950666,539110,1.7633,0.92,20151231,1104985,292010,812975,404333,2.0106,1,20170101,20170930,20131022,11400000,,,,,,,YN,,20131230,20131230,1,,,,CREFC,,931029,1.7269,886290,1.6439,764684,1.8912,N,,,,,0,114534.11,,0,0,0,,N,,8200000,N,,,,,,,,,,,0,,,,0,,,,,WF,S,20180213,20180312,N,,,,,,,0,JPMBB13C17
JPMBB13C17,,883100167,43,20180316,7554345.57,7541341.29,20180306,,0.049,20180806,0.000513,,,,,0.000005,0.048482,,,,,28790.45,13004.28,41794.73,,0,,,,,,0,,0,7541341.3,0,0,0,0,N,,,,,,,,,,,,,,,,,,,,,,,,,,,,,,,,,,,,,,,,,,,20131230,20170711,,,,,,,,,,,,,F,,,,,0,,,0,0,0,,N,,7875000,,,,,,,,,,,,0,,,,0,,,,,WF,S,20180213,20180312,N,,,,,,,0,JPMBB13C17
JPMBB13C17,,301410045,45,20180316,7030136.91,7017258.61,20180305,,0.0505,20231205,0.000713,,,,,0.000005,0.049782,,,,,27612.82,12878.3,40491.12,,0,,,,,,0,,0,7017258.61,0,0,0,0,N,,,,,,,,,,,822802,339992,482810,485893,0.9936,1,20161231,1095094,362954,732140,485893,1.5067,1,20151231,894037,297065,596972,364419,1.6381,1,20170101,20170930,20131104,10500000,,,,,,,YN,,20131230,20131230,1,,,,CREFC,,412490,0.8489,661820,1.362,544232,1.4934,N,,,,,0.12,739306.87,,0,0,0,,N,,7500000,SH,,,,,,,,,,,0,,,,0,,,,,WF,S,20180213,20180312,N,,,,,,,0,JPMBB13C17
JPMBB13C17,,301410046,46,20180316,6722283.47,6709752.91,20180301,,0.04974,20231001,0.000113,,,,,0.000005,0.049622,,,,,26006.27,12530.56,38536.83,,0,,,,,,0,,0,6709752.91,0,0,0,0,N,,,,,,,,,,,2739581,1446424,1293157,462442,2.7963,0.61,20171231,2657417,1422453,1234964,462441,2.6705,0.6,20161231,,,,,,,,,20130701,12750000,,,,,,,,,20131230,20131230,1,,,,CREFC,,1183574,2.5593,1146659,2.4795,,,X,,,,,49.33,301008.96,,0,0,0,,N,,7200000,N,,,,,,,,,,,0,,,,0,,,,,WF,S,20180213,20180312,N,,,,,,,0,JPMBB13C17
JPMBB13C17,,883100187,44,20180316,6695272.16,6670574.05,20180306,,0.05086,20231206,0.000113,,,,,0.000005,0.050742,,,,,26485.01,24698.11,51183.12,,0,,,,,,0,,0,6670574.05,0,0,0,0,N,,,,,,,,,,,968954,177071,791883,614197,1.2892,1,20161231,951905,168371,783534,614197,1.2757,1,20151228,778375,135510,642865,460647,1.3955,1,20170101,20170930,20131010,11850000,,,,,,,YN,,20131230,20131230,1,,,,CREFC,20150224,749889,1.2209,741540,1.2073,611371,1.3272,N,,,,,0,102526.23,,0,0,0,,N,,7700000,S2,,,,,,,,,,,0,,,,0,,,,,WF,S,20180213,20180312,N,,,,,,,0,JPMBB13C17
JPMBB13C17,,301410047,47,20180316,6660950.02,6648838.66,20180301,,0.0512,20231201,0.000113,,,,,0.000005,0.051082,,,,,26525.38,12111.36,38636.74,,0,,,,,,0,,0,6648838.66,0,0,0,0,N,,,,,,,,,,,1378923,463494,915429,463641,1.9744,0.86,20171231,1332953,509319,823634,463641,1.7764,0.88,20161231,,,,,,,,,20130620,12100000,,,,,,,,,20131230,20131230,1,,,,CREFC,,897537,1.9358,805742,1.7378,,,N,,,,,0,162241,,0,0,0,,N,,7100000,S2,,,,,,,,,,,0,,,,0,,,,,WF,S,20180213,20180312,N,,,,,,,0,JPMBB13C17
JPMBB13C17,,301410048,48,20180316,6566966.41,6555203.33,20180301,,0.0535,20231001,0.000113,,,,,0.000005,0.053382,,,,,27325.88,11763.08,39088.96,,0,,,,,,0,,0,6555203.33,0,0,0,0,N,,,,,,,,,,,1498257,338885,1159372,469067,2.4716,1,20161231,1387491,354431,1033060,469067,2.2023,1,20151231,1002446,294635,707811,351800,2.0119,1,20170101,20170930,20130409,10900000,,,,,,,YN,,20131230,20131230,1,,,,CREFC,,1128372,2.4055,1002060,2.1362,684561,1.9458,N,,,,,4.52,137032.76,,0,0,0,,N,,7000000,S2,,,,,,,,,,,0,,,,0,,,,,WF,S,20180213,20180312,N,,,,,,,0,JPMBB13C17
JPMBB13C17,,301410049,49,20180316,6412100.55,6399590.47,20180301,,0.0451,20181101,0.000113,,,,,0.000005,0.044982,,,,,22492.22,12510.08,35002.3,,0,,,,,,0,,0,6399590.47,0,0,0,0,N,,,,,,,,,,,1329363,662586,666777,420027,1.5874,0.95,20171231,1272947.66,655214.35,617733.31,420027.44,1.4706,0.94,20161231,,,,,,,,,20130723,9600000,,,,,,,,,20131230,20131230,1,,,,CREFC,,629856,1.4995,580811.81,1.3827,,,X,,,,,12.46,50443.87,,0,0,0,,N,,6900000,SF,,,,,,,,,,,0,,,,0,,,,,WF,S,20180213,20180312,N,,,,,,,0,JPMBB13C17
JPMBB13C17,,301410050,50,20180316,5255962.53,5246519.48,20180301,,0.0528,20231101,0.000113,,,,,0.000005,0.052682,,,,,21584.49,9443.05,31027.54,,0,,,,,,0,,0,5246519.48,0,0,0,0,N,,,,,,,,,,,1029702,289503,740199,372330,1.988,0.97,20171231,961178,306996,654182,372330,1.7569,1,20161231,,,,,,,,,20130827,7200000,,,,,,,YN,,20131230,20131230,1,,,,CREFC,,715399,1.9214,629382,1.6903,,,N,,,,,0.05,35133.39,,0,0,0,,N,,5600000,S2,,,,,,,,,,,0,,,,0,,,,,WF,S,20180213,20180312,N,,,,,,,0,JPMBB13C17
JPMBB13C17,,883100155,36,20180316,4971804.22,4959677.08,20180306,,0.0562,20230906,0.000113,,,,,0.000005,0.056082,,,,,21732.31,12127.14,33859.45,,0,,,,,,0,,0,4959677.08,0,0,0,0,N,,,,,,,,,,,1936150,1084000,852150,406313,2.0972,0.98,20161231,1877232,1084674,792558,406313,1.9506,0.98,20151231,1355761,866421,489340,304735,1.6057,0.87,20170101,20170930,20130814,8300000,,,,,,,YN,,20131230,20131230,1,,,,CREFC,,757750,1.8649,698158,1.7182,418540,1.3734,N,,,,,0,43242.8,20171113,0,0,0,,N,,5450000,S1,,,,,,,,,,,0,,,,0,,,,,WF,S,20180213,20180312,N,,,,,,,0,JPMBB13C17
JPMBB13C17,,301410051,51,20180316,4831228.2,4822511.54,20180301,,0.0524,20231101,0.000113,,,,,0.000005,0.052282,,,,,19689.94,8716.66,28406.6,,0,,,,,,0,,0,4822511.54,0,0,0,0,N,,,,,,,,,,,709966,261052,448914,340879,1.3169,1,20161231,680565,229359,451206,340879,1.3236,1,20150930,547941,186725,361216,255659,1.4128,1,20170101,20170930,20130829,8300000,,,,,,,YN,,20131230,20131230,1,,,,CREFC,,435572,1.2777,437864,1.2845,351210,1.3737,N,,,,,0,2132,,0,0,0,,N,,5150000,S2,,,,,,,,,,,0,,,,0,,,,,WF,S,20180213,20180312,N,,,,,,,0,JPMBB13C17
JPMBB13C17,,883100166,52,20180316,4820391.87,4812093.9,20180306,,0.049,20180806,0.000513,,,,,0.000005,0.048482,,,,,18371.05,8297.97,26669.02,,0,,,,,,0,,0,4812093.9,0,0,0,0,N,,,,,,,,,,,,,,,,,,,,,,,,,,,,,,,,,,,,,,,,,,,20131230,20170711,,,,,,,,,,,,,F,,,,,0,,,0,0,0,,N,,5025000,,,,,,,,,,,,0,,,,0,,,,,WF,S,20180213,20180312,N,,,,,,,0,JPMBB13C17
JPMBB13C17,,301410053,53,20180316,4511408.71,4503335.2,20180305,,0.0527,20231205,0.000788,,,,,0.000005,0.051907,,,,,18491.76,8073.51,26565.27,,0,,,,,,0,,0,4503335.2,0,0,0,0,N,,,,,,,,,,,786810,282642,504168,318783,1.5815,1,20161231,,,,,,,,896807,264667,632140,318783,1.9829,1,20161001,20170930,20131007,6910000,,,,,,,TN,,20131230,20131230,1,,,,CREFC,,495768,1.5551,,,623740,1.9566,N,,,,,0,18666.86,,0,0,0,,N,,4800000,N,,,,,,,,,,,0,,,,0,,,,,WF,S,20180213,20180312,N,,,,,,,0,JPMBB13C17
JPMBB13C17,,883100183,54,20180316,4038044.96,4030764.84,20180306,,0.052,20231206,0.000113,,,,,0.000005,0.051882,,,,,16331.65,7280.12,23611.77,,0,,,,,,0,,0,4030764.84,0,0,0,0,N,,,,,,,,,,,1178020,389464,788556,283341,2.783,0.84,20171231,1192735,367296,825439,283341,2.9132,0.85,20161231,,,,,,,,,20131009,7700000,,,,,,,,,20131230,20131230,1,,,,CREFC,,782285,2.7609,819168,2.8911,,,N,,,,,0,26672.41,,0,0,0,,N,,4300000,S1,,,,,,,,,,,0,,,,0,,,,,WF,S,20180213,20180312,N,,,,,,,0,JPMBB13C17
JPMBB13C17,,301410055,55,20180316,3928537.49,3921667.41,20180301,,0.0526,20231101,0.000113,,,,,0.000005,0.052482,,,,,16072.08,6870.08,22942.16,,0,,,,,,0,,0,3921667.41,0,0,0,0,N,,,,,,,,,,,1438584,482654,955930,275306,3.4722,0.91,20171231,1098818,385626,713192,275306,2.5905,0.9,20161231,,,,,,,,,20130809,5700000,,,,,,,YN,,20131230,20131230,1,,,,CREFC,20160502,945053,3.4327,702315,2.551,,,N,,,,,0,47619,,0,0,0,,N,,4150000,N,,,,,,,,,,,0,,,,0,,,,,WF,S,20180213,20180312,N,,,,,,,0,JPMBB13C17
JPMBB13C17,,883100168,56,20180316,3899481.26,3892768.58,20180306,,0.049,20180806,0.000513,,,,,0.000005,0.048482,,,,,14861.36,6712.68,21574.04,,0,,,,,,0,,0,3892768.58,0,0,0,0,N,,,,,,,,,,,,,,,,,,,,,,,,,,,,,,,,,,,,,,,,,,,20131230,20170728,,,,,,,,,,,,,F,,,,,0,,,0,0,0,,N,,4065000,,,,,,,,,,,,0,,,,0,,,,,WF,S,20180213,20180312,N,,,,,,,0,JPMBB13C17
JPMBB13C17,,301410057,57,20180316,3482954.82,3476806.59,20180301,,0.054,20231201,0.000113,,,,,0.000005,0.053882,,,,,14628.41,6148.23,20776.64,,0,,,,,,0,,0,3476806.59,0,0,0,0,N,,,,,,,,,,,751100,241008,510092,249320,2.0459,0.91,20171231,705422,243160,462262,249319,1.854,0.91,20161231,,,,,,,,,20131015,6150000,,,,,,,,,20131230,20131230,1,,,,CREFC,,464567,1.8633,416737,1.6715,,,N,,,,,2.45,112773.2,,0,0,0,,N,,3700000,S2,,,,,,,,,,,0,,,,0,,,,,WF,S,20180213,20180312,N,,,,,,,0,JPMBB13C17
JPMBB13C17,,883100154,37,20180316,3375353.35,3367120.24,20180306,,0.0562,20230906,0.000113,,,,,0.000005,0.056082,,,,,14754.04,8233.11,22987.15,,0,,,,,,0,,0,3367120.24,0,0,0,0,N,,,,,,,,,,,1368145,876769,491376,275846,1.7813,0.98,20161231,1380826,903144,477682,275846,1.7316,0.98,20151231,930276,721145,209131,206884,1.0108,0.71,20170101,20170930,20130814,5800000,,,,,,,YN,,20131230,20131230,1,,,,CREFC,,419376,1.5203,405682,1.4706,155131,0.7498,N,,,,,0,974504.24,20171113,0,0,0,,N,,3700000,S1,,,,,,,,,,,0,,,,0,,,,,WF,S,20180213,20180312,N,,,,,,,0,JPMBB13C17
JPMBB13C17,,883100149,58,20180316,3144757.62,3137048.08,20180306,,0.055625,20230906,0.000113,,,,,0.000005,0.055507,,,,,13605.44,7709.54,21314.98,,0,,,,,,0,,0,3137048.07,0,0,0,0,N,,,,,,,,,,,1047061,568696,478365,255780,1.8702,0.94,20161231,1024268,598386,425882,255780,1.665,0.99,20151231,786717,492521,294196,191835,1.5335,0.86,20170101,20170930,20130725,5300000,,,,,,,YN,,20131230,20131230,1,,,,CREFC,,420765,1.645,368282,1.4398,250996,1.3083,N,,,,,0,26076.78,20150911,0,0,0,,N,,3450000,S1,,,,,,,,,,,0,,,,0,,,,,WF,S,20180213,20180312,N,,,,,,,0,JPMBB13C17
JPMBB13C17,,301410060,60,20180316,3107889.33,3102426.16,20180301,,0.0544,20231201,0.000113,,,,,0.000005,0.054282,,,,,13149.83,5463.17,18613,,0,,,,,,0,,0,3102426.16,0,0,0,0,N,,,,,,,,,,,624894,282455,342439,223356,1.5331,0.98,20161231,667011,264807,402204,223356,1.8007,0.89,20151231,486651,199324,287327,167517,1.7152,0.87,20170101,20170930,20131004,4500000,,,,,,,YN,,20131230,20131230,1,,,,CREFC,,308039,1.3791,367804,1.6467,261527,1.5611,N,,,,,0,81560.32,,0,0,0,,N,,3300000,S2,,,,,,,,,,,0,,,,0,,,,,WF,S,20180213,20180312,N,,,,,,,0,JPMBB13C17
JPMBB13C17,,883100163,59,20180316,3064711.56,3057313.52,20180306,,0.0567,20231006,0.000113,,,,,0.000005,0.056582,,,,,13515.38,7398.04,20913.42,,0,,,,,,0,,0,3057313.53,0,0,0,0,N,,,,,,,,,,,2485543,1706667,778876,250961,3.1035,0.79,20161231,2359355,1481591,877764,250961,3.4976,0.78,20151231,1880546,1319786,560760,188220,2.9792,0.79,20170101,20170930,20130726,6500000,,,,,,,YN,,20131230,20131230,1,,,,CREFC,,708575,2.8234,807463,3.2174,508035,2.6991,N,,,,,0,286314.18,,0,0,0,,N,,3350000,S2,,,,,,,,,,,0,,,,0,,,,,WF,S,20180213,20180312,N,,,,,,,0,JPMBB13C17
JPMBB13C17,,883100165,61,20180316,2761630.69,2756464.63,20180306,,0.049,20181106,0.000113,,,,,0.000005,0.048882,,,,,10524.88,5166.06,15690.94,,0,,,,,,0,,0,2756464.63,0,0,0,0,N,,,,,,,,,,,691621,253963,437658,188291,2.3243,0.94,20171231,642532,255193,387339,188291,2.0571,0.92,20161231,,,,,,,,,20130730,4050000,,,,,,,,,20131230,20131230,1,,,,CREFC,20150507,429325,2.2801,379006,2.0128,,,N,,,,,0,0.9,,0,0,0,,N,,2956500,S2,,,,,,,,,,,0,,,,0,,,,,WF,S,20180213,20180312,N,,,,,,,0,JPMBB13C17
JPMBB13C17,,301410062,62,20180316,2605532.93,2600484.28,20180301,,0.0474,20230701,0.000113,,,,,0.000005,0.047282,,,,,9605.73,5048.65,14654.38,,0,,,,,,0,,0,2600484.28,0,0,0,0,N,,,,,,,,,,,942807.38,513857.85,428949.53,175852,2.4392,0.99,20161231,904939,542599,362340,175852,2.0604,0.97,20151231,720765,403336,317429,131889,2.4067,0.98,20170101,20170930,20130425,3780000,,,,,,,YN,,20131230,20131230,1,,,,CREFC,,401949.53,2.2857,335340,1.9069,297179,2.2532,N,,,,,56.55,24907.91,20151013,0,0,0,,N,,2812500,S2,,,,,,,,,,,0,,,,0,,,,,WF,S,20180213,20180312,N,,,,,,,0,JPMBB13C17
JPMBB13C17,,301410063,63,20180316,2537042.31,2532559.31,20180301,,0.0548,20231001,0.000113,,,,,0.000005,0.054682,,,,,10813.44,4483,15296.44,,0,,,,,,0,,0,2532559.31,0,0,0,0,N,,,,,,,,,,,488954,115377,373577,183557,2.0352,1,20171231,485739,113152,372587,183557,2.0298,1,20161231,,,,,,,,,20130617,3600000,,,,,,,,,20131230,20131230,1,,,,CREFC,,342379,1.8652,341389,1.8598,,,N,,,,,0,137793.11,,0,0,0,,N,,2700000,S1,,,,,,,,,,,0,,,,0,,,,,WF,S,20180213,20180312,N,,,,,,,0,JPMBB13C17
JPMBB13C17,,301410064,64,20180316,1978213.92,1974743.82,20180301,,0.0546,20231201,0.000113,,,,,0.000005,0.054482,,,,,8400.82,3470.1,11870.92,,0,,,,,,0,,0,1974743.82,0,0,0,0,N,,,,,,,,,,,359085,103394,255691,142451,1.7949,1,20171231,367149,98230,268919,142451,1.8878,1,20161231,,,,,,,,,20130626,2800000,,,,,,,,,20131230,20131230,1,,,,CREFC,,214523,1.5059,227751,1.5988,,,N,,,,,12.68,178164.17,20180312,0,0,0,,N,,2100000,S2,,,,,,,,,,,0,,,,0,,,,,WF,S,20180213,20180312,N,,,,,,,0,JPMBB13C17
JPMBB13C17,,883100157,25,20171117,0,0,,,,,,,,,,,,,,,,,,,,,,20171020,,,6,,,,,,,,,N,,,,7901866.28,1663865.81,4810762.87,,,,,,,,,,,,,,,,,,,,,,,,,,,,,,,,,,,,,,,,,,,,,,,,,,,,,,,,,,,0,,0,,,,,,7901866.28,1591014.36,20000,52851.45,0,,,-560.61,,,,,,,,,,,,,,20180213,20180312,,,,,,,,,
JPMBB13C17,,301410021,21,20161216,0,0,,,,,,,,,,,,,,,,,,,,,,20161205,,,9,,,,,,,,,N,,,,,,,,,,,,,,,,,,,,,,,,,,,,,,,,,,,,,,,,,,,,,,,,,,,,,,,,,,,,,,,,,0,,0,,,,,,,,,,,,,,,,,,,,,,,,,,,20180213,20180312,,,,,,,,,
JPMBB13C17,,883100181,14,20170817,0,0,,,,,,,,,,,,,,,,,,,,,,20170804,,,9,,,,,,,,,N,,,,,,,,,,,,,,,,,,,,,,,,,,,,,,,,,,,,,,,,,,,,,,,,,,,,,,,,,,,,,,,,,0,,0,,,,,,,,,,,,,,,,,,,,,,,,,,,20180213,20180312,,,,,,,,,
