JPMBB13C17,,301171001,3,20150218,90000000,90000000,20150201,,0.0483334,20231101,0.000113,,,,,0.000005,0.0482154,,,,,374583.85,0,374583.85,,,,,,,,,,,90000000,0,0,0,0,N,,,,,,,,,,,20880780,5596330,15284450,11026057,1.39,0.99,20131231,,,,,,,,16156104,4854093,11302011,8269543,1.37,0.97,20140101,20140930,20130910,365000000,,,,,,,YN,,20131230,20131230,1,,,,CMSA,,15222450,1.38,,,11255511,1.36,X,,,,,,,,,,,,N,,225000000,H,,,,,,,,,,,,,,,,,,,,WF,S
JPMBB13C17,,301410001,1,20150218,118090776.7,117936246.6,20150201,,0.04366,20240101,0.000113,,,,,0.000005,0.043542,,,,,443975.4,154530.07,598505.47,,,,,,,,,,,117936246.6,0,0,0,0,N,,,,,,,,,,,33327307,10380496,22946811,13167121,1.74,0.98,20131231,,,,,,,,27457755,9578700,17879055,9578514,1.87,0.96,20131231,20140929,20131115,366000000,,,,,,,YN,,20131230,20131230,1,,,,CMSA,,22047109,1.67,,,17204279,1.8,X,,,,,,,,,,,,N,,220000000,S2,,,,,,,,,,,,,,,,,,,,WF,S
JPMBB13C17,,301410002,2,20150218,93900000,93900000,20150201,,0.049127,20231101,0.000213,,,,,0.000005,0.048909,,,,,397232.73,0,397232.73,,,,,,,,,,,93900000,0,0,0,0,N,,,,,,,,,,,,,,,,,,,,,,,,,8682847,1849328,6833519,3511025,1.95,1,20140101,20140930,,125500000,,,,,,,YN,,20131230,20131230,7,,,,CMSA,,,,,,6108716,1.74,X,,,,,644.05,781209.44,,,,,,N,,93900000,H,,,,,,,,,,,,,,,,,,,,WF,S
JPMBB13C17,,301410004,4,20150218,73125000,73125000,20150201,,0.0487,20231201,0.000113,,,,,0.000005,0.048582,,,,,306657.81,0,306657.81,,,,,,,,,,,73125000,0,0,0,0,N,,,,,,,,,,,,,,,,,,,,,,,,,11015710,4123458,6892252,2710459,2.54,0.79,20140101,20140930,20131015,123000000,,,,,,,YN,,20131230,20131230,1,,,,CMSA,,,,,,5729809,2.11,N,,,,,,1846089.17,,,,,,N,,73125000,H,,,,,,,,,,,,,,,,,,,,WF,S
JPMBB13C17,,301410007,7,20150218,31000000,31000000,20150201,,0.0492,20231101,0.000413,,,,,0.000005,0.048782,,,,,131336.67,0,131336.67,,,,,,,,,,,31000000,0,0,0,0,N,,,,,,,,,,,,,,,,,,,,,,,,,2262895,583341,1679554,1160847,1.45,1,20140101,20140930,20130918,51000000,,,,,,,YN,,20131230,20131230,1,,,,CMSA,,,,,,1576575,1.36,X,,,,,,57417.9,,,,,,N,,31000000,S1,,,,,,,,,,,,,,,,,,,,WF,S
JPMBB13C17,,301410008,8,20150218,30000000,30000000,20150201,,0.049875,20231201,0.000313,,,,,0.000005,0.049557,,,,,128843.75,0,128843.75,,,,,,,,,,,30000000,0,41647.64,0,0,N,,,,,,,,,,,,,,,,,,,,,,,,,1344735,644090,700645,482453,1.45,0.89,20140101,20140331,20131009,39000000,,,,,,,YN,,20131230,20131230,1,,,,CMSA,,,,,,631643,1.31,X,,,,,142.61,5024527.91,,,,,,N,,30000000,S2,,,,,,,,,,,,,,,,,,,,WF,S
JPMBB13C17,,301410009,9,20150218,29493601.27,29458596.54,20150201,,0.048675,20231101,0.000113,,,,,0.000005,0.048557,,,,,123621.2,35004.73,158625.93,,,,,,,,,,,29458596.54,0,28074.28,0,0,N,,,,,,,,,,,4995104,2540764,2454340,1903511,1.29,0.83,20141231,,,,,,,,,,,,,,,,20130918,43000000,,,,,,,YN,,20131230,20131230,1,,,,CMSA,,2164366,1.14,,,,,X,,,,,125.07,738985.78,,,,,,N,,30000000,S1,,,,,,,,,,,,,,,,,,,,WF,S
JPMBB13C17,,301410010,10,20150218,10005000,10005000,20150201,,0.05,20231101,0.000588,,,,,0.000005,0.049407,,,,,43077.08,0,43077.08,,,,,,,,,,,10005000,0,0,0,0,N,,,,,,,,,,,,,,,,,,,,,,,,,2061938,1140876,921062,483381,1.91,0.95,20140101,20140930,20130918,17300000,,,,,,,YN,,20131230,20131230,1,,,,CMSA,,,,,,807149,1.67,X,,,,,50.84,141554.04,,,,,,N,,10005000,S1,,,,,,,,,,,,,,,,,,,,WF,S
JPMBB13C17,,301410011,11,20150218,9305000,9305000,20150201,,0.05,20231101,0.000588,,,,,0.000005,0.049407,,,,,40063.19,0,40063.19,,,,,,,,,,,9305000,0,0,0,0,N,,,,,,,,,,,,,,,,,,,,,,,,,1973986,1061742,912244,352815,2.59,0.94,20140101,20140930,20130918,17400000,,,,,,,YN,,20131230,20131230,1,,,,CMSA,,,,,,821428,2.33,X,,,,,38.58,103354.8,,,,,,N,,9305000,S1,,,,,,,,,,,,,,,,,,,,WF,S
JPMBB13C17,,301410012,12,20150218,8940000,8940000,20150201,,0.05,20231101,0.000588,,,,,0.000005,0.049407,,,,,38491.67,0,38491.67,,,,,,,,,,,8940000,0,0,0,0,N,,,,,,,,,,,,,,,,,,,,,,,,,1850826,1003114,847712,338975,2.5,0.96,20140101,20140930,20130918,15200000,,,,,,,YN,,20131230,20131230,1,,,,CMSA,,,,,,773522,2.28,X,,,,,35.31,94310.52,,,,,,N,,8940000,S1,,,,,,,,,,,,,,,,,,,,WF,S
JPMBB13C17,,301410013,13,20150218,25375000,25375000,20150201,,0.0474,20231201,0.000113,,,,,0.000005,0.047282,,,,,103572.29,0,103572.29,,,,,,,,,,,25375000,0,0,0,0,N,,,,,,,,,,,,,,,,,,,,,,,,,4112782,1512554,2600228,912104,2.85,0.94,20140101,20140930,20131010,39600000,,,,,,,YN,,20131230,20131230,1,,,,CMSA,,,,,,2185986,2.4,N,,,,,,1776683.66,,,,,,N,,25375000,S2,,,,,,,,,,,,,,,,,,,,WF,S
JPMBB13C17,,301410018,18,20150218,16000000,16000000,20150201,,0.0482,20231101,0.000113,,,,,0.000005,0.048082,,,,,66408.89,0,66408.89,,,,,,,,,,,16000000,0,0,0,0,N,,,,,,,,,,,,,,,,,,,,,,,,,2022838,402912,1619926,586969,2.76,1,20140101,20140930,20130926,29000000,,,,,,,YN,,20131230,20131230,1,,,,CMSA,20140528,,,,,1504333,2.56,N,,,,,,,,,,,,N,,16000000,H,,,,,,,,,,,,,,,,,,,,WF,S
JPMBB13C17,,301410019,19,20150218,15000000,15000000,20150201,,0.048475,20231101,0.000113,,,,,0.000005,0.048357,,,,,62613.54,0,62613.54,,,,,,,,,,,15000000,0,0,0,0,N,,,,,,,,,,,3319421,1757755,1561666,737224,2.12,0.95,20141231,,,,,,,,,,,,,,,,20130822,22700000,,,,,,,YN,,20131230,20131230,1,,,,CMSA,,1456666,1.98,,,,,X,,,,,,67674.05,,,,,,N,,15000000,S2,,,,,,,,,,,,,,,,,,,,WF,S
JPMBB13C17,,301410020,20,20150218,14448983.38,14432965.06,20150201,,0.0512,20240101,0.000113,,,,,0.000005,0.051082,,,,,63703.96,16018.32,79722.28,,,,,,,,,,,14432965.06,0,0,0,0,N,,,,,,,,,,,,,,,,,,,,,,,,,1843630,638577,1205053,717500,1.68,1,20140101,20140930,20131111,19940000,,,,,,,YN,,20131230,20131230,1,,,,CMSA,,,,,,1190803,1.66,N,,,,,,26254.71,,,,,,N,,14650000,N,,,,,,,,,,,,,,,,,,,,WF,S
JPMBB13C17,,301410021,21,20150218,14075650.61,14059502.34,20150205,,0.0502,20231105,0.000513,,,,,0.000005,0.049682,,,,,60845.91,16148.27,76994.18,,,,,,,,,,,14059502.34,0,0,0,0,N,,,,,,,,,,,,,,,,,,,,,,,,,1908297,893558,1014739,692948,1.46,0.96,20140101,20140930,20131010,19100000,,,,,,,YN,,20131230,20131230,1,,,,CMSA,,,,,,961489,1.39,X,,,,,245.7,66870.75,,,,,,N,,14310000,S2,,,,,,,,,,,,,,,,,,,,WF,S
JPMBB13C17,,301410024,24,20150218,12790583.91,12776179.68,20150201,,0.051024,20231101,0.000113,,,,,0.000005,0.050906,,,,,56198.41,14404.23,70602.64,,,,,,,,,,,12776179.68,0,0,0,0,N,,,,,,,,,,,,,,,,,,,,,,,,,2383701,1324197,1059504,635424,1.67,0.82,20140101,20140930,20130924,18100000,,,,,,,YN,,20131230,20131230,1,,,,CMSA,,,,,,816655,1.29,N,,,,,8.49,947717.18,,,,,,N,,13000000,H,,,,,,,,,,,,,,,,,,,,WF,S
JPMBB13C17,,301410026,26,20150218,11624097.58,11611044.15,20150201,,0.050875,20231201,0.000113,,,,,0.000005,0.050757,,,,,50924.04,13053.43,63977.47,,,,,,,,,,,11611044.15,0,0,0,0,N,,,,,,,,,,,,,,,,,,,,,,,,,3090478,1959553,1130925,575797,1.96,0.74,20140101,20140930,20131001,19000000,,,,,,,YN,,20131230,20131230,1,,,,CMSA,,,,,,1017005,1.77,X,,,,,,183921.75,,,,,,N,,11800000,S1,,,,,,,,,,,,,,,,,,,,WF,S
JPMBB13C17,,301410027,27,20150218,11420652.85,11406168.91,20150201,,0.04563,20181101,0.000113,,,,,0.000005,0.045512,,,,,44874.6,14483.94,59358.54,,,,,,,,,,,11406168.91,0,0,0,0,N,,,,,,,,,,,,,,,,,,,,,,,,,1740272,1342257,398015,534227,0.75,0.91,20140101,20140930,20130619,15700000,,,,,,,YN,,20131230,20131230,1,,,,CMSA,,,,,,283936,0.53,N,,,,,10.09,252583.5,20140911,,,,,N,,11629000,S2,,,,,,,,,,,,,,,,,,,,WF,S
JPMBB13C17,,301410028,28,20150218,11321977.16,11308716.04,20150201,,0.049,20231201,0.000113,,,,,0.000005,0.048882,,,,,47772.45,13261.12,61033.57,,,,,,,,,,,11308716.04,0,0,0,0,N,,,,,,,,,,,,,,,,,,,,,,,,,948123,157229,790894,549302,1.44,1,20140101,20140930,20130924,17080000,,,,,,,YN,,20131230,20131230,1,,,,CMSA,,,,,,746747,1.36,N,,,,,38.01,88736.68,,,,,,N,,11500000,S1,,,,,,,,,,,,,,,,,,,,WF,S
JPMBB13C17,,301410029,29,20150218,11034474.63,11022202.42,20150205,,0.0513,20231205,0.000113,,,,,0.000005,0.051182,,,,,48744.79,12272.21,61017,,,,,,,,,,,11022202.42,0,0,0,0,N,,,,,,,,,,,,,,,,,,,,,,,,,2982614,1848952,1133662,549153,2.06,0.76,20140101,20140930,20131031,16500000,,,,,,,YN,,20131230,20131230,1,,,,CMSA,,,,,,1021006,1.86,N,,,,,,700992.76,,,,,,N,,11200000,S2,,,,,,,,,,,,,,,,,,,,WF,S
JPMBB13C17,,301410030,30,20150218,10322147.06,10309848.72,20150205,,0.0485,20231105,0.000413,,,,,0.000005,0.048082,,,,,43109.3,12298.34,55407.64,,,,,,,,,,,10309848.72,0,0,0,0,N,,,,,,,,,,,,,,,,,,,,,,,,,1004818,489825,514993,332446,1.55,0.95,20140101,20140630,20131009,14500000,,,,,,,YN,,20131230,20131230,1,,,,CMSA,,,,,,485993,1.46,X,,,,,0.43,33420.65,,,,,,N,,10500000,S2,,,,,,,,,,,,,,,,,,,,WF,S
JPMBB13C17,,301410031,31,20150218,9951668.59,9934145.91,20150201,,0.04722,20200731,0.000113,,,,,0.000005,0.047102,,,,,40465.14,17522.68,57987.82,,,,,,,,,,,9934145.91,0,5689.1,0,0,N,,,,,,,,,,,,,,,,,,,,,,,,,1567999,698686,869313,521892,1.67,0.97,20140101,20140930,20130908,14040000,,,,,,20181101,YN,,20131230,20131230,1,,,,CMSA,,,,,,728883,1.4,N,,,,,57.14,411422.3,,,,,,N,,10200000,H,,,,,,,,,,,,,,,,,,,,WF,S
JPMBB13C17,,301410033,33,20150218,9750000,9750000,20150201,,0.052,20231201,0.000113,,,,,0.000005,0.051882,,,,,43658.33,0,43658.33,,,,,,,,,,,9750000,0,0,0,0,N,,,,,,,,,,,,,,,,,,,,,,,,,1109259,415761,693498,385883,1.8,0.95,20140101,20140930,20130822,13000000,,,,,,,YN,,20131230,20131230,1,,,,CMSA,,,,,,664053,1.72,N,,,,,,45828.69,20141211,,,,,N,,9750000,S2,,,,,,,,,,,,,,,,,,,,WF,S
JPMBB13C17,,301410035,35,20150218,9310337.9,9299983.22,20150205,,0.0513,20231205,0.000688,,,,,0.000005,0.050607,,,,,41128.42,10354.68,51483.1,,,,,,,,,,,9299983.22,0,0,0,0,N,,,,,,,,,,,,,,,,,,,,,,,,,,,,,,,,,20131022,12800000,,,,,,,,,20131230,20131230,1,,,,CMSA,,,,,,,,N,,,,,,412582.03,,,,,,N,,9450000,N,,,,,,,,,,,,,,,,,,,,WF,S
JPMBB13C17,,301410038,38,20150218,9000000,9000000,20150205,,0.0496,20231205,0.000313,,,,,0.000005,0.049282,,,,,38440,0,38440,,,,,,,,,,,9000000,0,0,0,0,N,,,,,,,,,,,,,,,,,,,,,,,,,624548,144219,480329,339760,1.41,1,20140101,20140930,20131125,12200000,,,,,,,YN,,20131230,20131230,1,,,,CMSA,,,,,,472587,1.39,N,,,,,2.08,12046.78,,,,,,N,,9000000,S2,,,,,,,,,,,,,,,,,,,,WF,S
JPMBB13C17,,301410039,39,20150218,8700000,8700000,20150201,,0.0506,20231001,0.000113,,,,,0.000005,0.050482,,,,,37907.83,0,37907.83,,,,,,,,,,,8700000,0,0,0,0,N,,,,,,,,,,,,,,,,,,,,,,,,,1288814,594396,694418,335056,2.07,0.95,20140101,20140930,20130910,14600000,,,,,,,YN,,20131230,20131230,1,,,,CMSA,,,,,,672668,2.01,X,,,,,,192398.18,,,,,,N,,8700000,S2,,,,,,,,,,,,,,,,,,,,WF,S
JPMBB13C17,,301410042,42,20150218,8080038.14,8071153.76,20150205,,0.0518,20231205,0.000488,,,,,0.000005,0.051307,,,,,36041.46,8884.38,44925.84,,,,,,,,,,,8071153.76,0,0,0,0,N,,,,,,,,,,,,,,,,,,,,,,,,,930838,329356,601482,404333,1.49,0.92,20140101,20140930,20131022,11400000,,,,,,,YN,,20131230,20131230,1,,,,CMSA,,,,,,553200,1.37,N,,,,,,189807.87,,,,,,N,,8200000,N,,,,,,,,,,,,,,,,,,,,WF,S
JPMBB13C17,,301410045,45,20150218,7387346.36,7378979.94,20150205,,0.0505,20231205,0.000713,,,,,0.000005,0.049782,,,,,32124.7,8366.42,40491.12,,,,,,,,,,,7378979.94,0,0,0,0,N,,,,,,,,,,,,,,,,,,,,,,,,,863471,296088,567383,364420,1.56,0.86,20140101,20140930,20131104,10500000,,,,,,,YN,,20131230,20131230,1,,,,CMSA,,,,,,514643,1.41,N,,,,,0.12,199878.06,,,,,,N,,7500000,S2,,,,,,,,,,,,,,,,,,,,WF,S
JPMBB13C17,,301410046,46,20150218,7072839.28,7064596.6,20150201,,0.04974,20231001,0.000113,,,,,0.000005,0.049622,,,,,30294.15,8242.68,38536.83,,,,,,,,,,,7064596.6,0,0,0,0,N,,,,,,,,,,,,,,,,,,,,,,,,,1695435,948306,747129,346832,2.15,0.6,20140101,20140930,20130701,12750000,,,,,,,YN,,20131230,20131230,1,,,,CMSA,,,,,,680901,1.96,X,,,,,3.41,101869.46,,,,,,N,,7200000,S2,,,,,,,,,,,,,,,,,,,,WF,S
JPMBB13C17,,301410047,47,20150218,6994855.43,6987058.23,20150201,,0.0512,20231201,0.000113,,,,,0.000005,0.051082,,,,,30839.54,7797.2,38636.74,,,,,,,,,,,6987058.23,0,0,0,0,N,,,,,,,,,,,,,,,,,,,,,,,,,1004000,430590,573410,347730,1.65,0.89,20140101,20140930,20130620,12100000,,,,,,,YN,,20131230,20131230,1,,,,CMSA,,,,,,559991,1.61,N,,,,,,107074,,,,,,N,,7100000,S2,,,,,,,,,,,,,,,,,,,,WF,S
JPMBB13C17,,301410048,48,20150218,6885456.66,6878088.62,20150201,,0.0535,20231001,0.000113,,,,,0.000005,0.053382,,,,,31720.92,7368.04,39088.96,,,,,,,,,,,6878088.62,0,0,0,0,N,,,,,,,,,,,,,,,,,,,,,,,,,924670,238108,686562,351801,1.95,,20140101,20140930,20130409,10900000,,,,,,,YN,,20131230,20131230,1,,,,CMSA,,,,,,663312,1.89,N,,,,,4.52,41360.86,,,,,,N,,7000000,S2,,,,,,,,,,,,,,,,,,,,WF,S
JPMBB13C17,,301410049,49,20150218,6775104.2,6766413.77,20150201,,0.0451,20181101,0.000113,,,,,0.000005,0.044982,,,,,26311.87,8690.43,35002.3,,,,,,,,,,,6766413.77,0,0,0,0,N,,,,,,,,,,,1206943,659549,547394,420028,1.3,0.81,20141231,,,,,,,,,,,,,,,,20130723,9600000,,,,,,,YN,,20131230,20131230,1,,,,CMSA,,510473,1.22,,,,,X,,,,,12.46,12288,,,,,,N,,6900000,SH,,,,,,,,,,,,,,,,,,,,WF,S
JPMBB13C17,,301410050,50,20150218,5512964.4,5507002.47,20150201,,0.0528,20231101,0.000113,,,,,0.000005,0.052682,,,,,25065.61,5961.93,31027.54,,,,,,,,,,,5507002.47,0,0,0,0,N,,,,,,,,,,,893789,296437,597352,372330,1.6,0.97,20141230,,,,,,,,,,,,,,,,20130827,7200000,,,,,,,,,20131230,20131230,1,,,,CMSA,,572552,1.54,,,,,N,,,,,0.05,17515.97,,,,,,N,,5600000,S2,,,,,,,,,,,,,,,,,,,,WF,S
JPMBB13C17,,301410051,51,20150218,5069306.95,5063774.19,20150201,,0.0524,20231101,0.000113,,,,,0.000005,0.052282,,,,,22873.84,5532.76,28406.6,,,,,,,,,,,5063774.19,0,0,0,0,N,,,,,,,,,,,659352,238307,421045,340879,1.24,1,20140930,,,,,,,,,,,,,,,,20130829,8300000,,,,,,,YN,,20131230,20131230,1,,,,CMSA,,407703,1.2,,,,,N,,,,,,615,,,,,,N,,5150000,S2,,,,,,,,,,,,,,,,,,,,WF,S
JPMBB13C17,,301410053,53,20150218,4731058.41,4725962.95,20150205,,0.0527,20231205,0.000788,,,,,0.000005,0.051907,,,,,21469.81,5095.46,26565.27,,,,,,,,,,,4725962.95,0,0,0,0,N,,,,,,,,,,,,,,,,,,,,,,,,,513120,195463,317657,239087,1.33,1,20140101,20140930,20131007,6910000,,,,,,,YN,,20131230,20131230,1,,,,CMSA,,,,,,311357,1.3,N,,,,,,9104.54,,,,,,N,,4800000,N,,,,,,,,,,,,,,,,,,,,WF,S
JPMBB13C17,,301410055,55,20150218,4114470.08,4110164.18,20150201,,0.0526,20231101,0.000113,,,,,0.000005,0.052482,,,,,18636.26,4305.9,22942.16,,,,,,,,,,,4110164.18,0,0,0,0,N,,,,,,,,,,,,,,,,,,,,,,,,,573035,237188,335847,183329,1.83,0.91,20140101,20140930,20130809,5700000,,,,,,,YN,,20131230,20131230,1,,,,CMSA,,,,,,327690,1.79,N,,,,,,13736.25,,,,,,N,,4150000,N,,,,,,,,,,,,,,,,,,,,WF,S
JPMBB13C17,,301410057,57,20150218,3648261.38,3644449.16,20150201,,0.054,20231201,0.000113,,,,,0.000005,0.053882,,,,,16964.42,3812.22,20776.64,,,,,,,,,,,3644449.16,0,0,0,0,N,,,,,,,,,,,679170,236121,443049,249320,1.78,0.88,20141231,,,,,,,,,,,,,,,,20131015,6150000,,,,,,,YN,,20131230,20131230,1,,,,CMSA,,397524,1.59,,,,,N,,,,,,59118.78,,,,,,N,,3700000,S2,,,,,,,,,,,,,,,,,,,,WF,S
JPMBB13C17,,301410060,60,20150218,3254235.49,3250866.78,20150201,,0.0544,20231201,0.000113,,,,,0.000005,0.054282,,,,,15244.29,3368.71,18613,,,,,,,,,,,3250866.78,0,0,0,0,N,,,,,,,,,,,,,,,,,,,,,,,,,510903,184610,326293,167517,1.95,0.95,20140101,20140930,20131004,4500000,,,,,,,YN,,20131230,20131230,1,,,,CMSA,,,,,,300493,1.79,N,,,,,,63312.59,,,,,,N,,3300000,S2,,,,,,,,,,,,,,,,,,,,WF,S
JPMBB13C17,,301410062,62,20150218,2749914.53,2746484.38,20150201,,0.0474,20230701,0.000113,,,,,0.000005,0.047282,,,,,11224.23,3430.15,14654.38,,,,,,,,,,,2746484.38,0,0,0,0,N,,,,,,,,,,,857679,560787,296892,175853,1.69,0.96,20141231,,,,,,,,,,,,,,,,20130425,3780000,,,,,,,YN,,20131230,20131230,1,,,,CMSA,,269892,1.53,,,,,N,,,,,13.78,35354.67,,,,,,N,,2812500,S2,,,,,,,,,,,,,,,,,,,,WF,S
JPMBB13C17,,301410063,63,20150218,2656989.59,2654231.19,20150201,,0.0548,20231001,0.000113,,,,,0.000005,0.054682,,,,,12538.04,2758.4,15296.44,,,,,,,,,,,2654231.19,0,0,0,0,N,,,,,,,,,,,,,,,,,,,,,,,,,278265,92880,185385,137668,1.35,0.9,20140101,20140930,20130617,3600000,,,,,,,YN,,20131230,20131230,1,,,,CMSA,,,,,,161987,1.18,N,,,,,,41597.92,,,,,,N,,2700000,S2,,,,,,,,,,,,,,,,,,,,WF,S
JPMBB13C17,,301410064,64,20150218,2070997.79,2068864.01,20150201,,0.0546,20231201,0.000113,,,,,0.000005,0.054482,,,,,9737.14,2133.78,11870.92,,,,,,,,,,,2068864.01,0,0,0,0,N,,,,,,,,,,,,,,,,,,,,,,,,,280401,75585,204816,106838,1.92,1,20140101,20140930,20130626,2800000,,,,,,,YN,,20131230,20131230,1,,,,CMSA,,,,,,173940,1.63,N,,,,,12.68,127382.38,,,,,,N,,2100000,S2,,,,,,,,,,,,,,,,,,,,WF,S
JPMBB13C17,,883100149,58,20150218,3365601.28,3360407.3,20150206,,0.055625,20230906,0.000113,,,,,0.000005,0.055507,,,,,16121,5193.98,21314.98,,,,,,,,,,,3360407.29,0,0,0,0,N,,,,,,,,,,,,,,,,,,,,,,,,,707292,421103,286189,191835,1.49,0.97,20140101,20140930,20130725,5300000,,,,,,,YN,,20131230,20131230,1,,,,CMSA,,,,,,242989,1.27,N,,,,,,40151.6,,,,,,N,,3450000,S1,,,,,,,,,,,,,,,,,,,,WF,S
JPMBB13C17,,883100154,37,20150218,3610318.46,3604803.25,20150206,,0.0562,20230906,0.000113,,,,,0.000005,0.056082,,,,,17471.94,5515.21,22987.15,,,,,,,,,,,3604803.25,0,0,0,0,N,,,,,,,,,,,1326127,905712,420415,275846,1.52,0.98,20141231,,,,,,,,,,,,,,,,20130814,5800000,,,,,,,YN,,20131230,20131230,1,,,,CMSA,,348415,1.26,,,,,N,,,,,,129135.07,,,,,,N,,3700000,S1,,,,,,,,,,,,,,,,,,,,WF,S
JPMBB13C17,,883100155,36,20150218,5317901.49,5309777.73,20150206,,0.0562,20230906,0.000113,,,,,0.000005,0.056082,,,,,25735.69,8123.76,33859.45,,,,,,,,,,,5309777.73,0,0,0,0,N,,,,,,,,,,,,,,,,,,,,,,,,,1313504,855945,457559,304735,1.5,0.99,20140101,20140930,20130814,8300000,,,,,,,YN,,20131230,20131230,1,,,,CMSA,,,,,,386759,1.27,N,,,,,,77741.77,,,,,,N,,5450000,S1,,,,,,,,,,,,,,,,,,,,WF,S
JPMBB13C17,,883100157,25,20150218,11726193.52,11708214.83,20150206,,0.0556,20231006,0.000113,,,,,0.000005,0.055482,,,,,56142.41,17978.69,74121.1,,,,,,,,,,,11708214.82,0,1818.11,0,0,N,,,,,,,,,,,,,,,,,,,,,,,,,11194431,9405568,1788863,889453,2.01,0.49,20130401,20140330,20130816,21600000,,,,,,,TN,,20131230,20131230,1,,,,CMSA,,,,,,1328167,1.49,N,,,,,,78203.51,,,,,,N,,12000000,S2,,,,,,,,,,,,,,,,,,,,WF,S
JPMBB13C17,,883100162,15,20150218,24100000,24100000,20150206,,0.0485,20181006,0.000513,,,,,0.000005,0.047982,,,,,100650.97,0,100650.97,,,,,,,,,,,24100000,0,0,0,0,N,,,,,,,,,,,,,,,,,,,,,,,,,4509457,2662869,1846588,889625,2.08,0.88,20140101,20140930,20130826,34350000,,,,,,,YN,,20131230,20131230,1,,,,CMSA,,,,,,1696963,1.91,N,,,,,,847677.03,,,,,,N,,24100000,S1,,,,,,,,,,,,,,,,,,,,WF,S
JPMBB13C17,,883100163,59,20150218,3274916.93,3269993.29,20150206,,0.0567,20231006,0.000113,,,,,0.000005,0.056582,,,,,15989.78,4923.64,20913.42,,,,,,,,,,,3269993.3,0,0,0,0,N,,,,,,,,,,,,,,,,,,,,,,,,,1531092,1053989,477103,188221,2.53,0.72,20140101,20140930,20130726,6500000,,,,,,,YN,,20131230,20131230,1,,,,CMSA,,,,,,424378,2.25,N,,,,,,93796.53,,,,,,N,,3350000,S1,,,,,,,,,,,,,,,,,,,,WF,S
JPMBB13C17,,883100164,6,20150218,46000000,46000000,20150206,,0.04955,20231106,0.000113,,,,,0.000005,0.049432,,,,,196273.06,0,196273.06,,,,,,,,,,,46000000,0,0,0,0,N,,,,,,,,,,,,,,,,,,,,,,,,,5037758,1602699,3435059,1734801,1.98,0.98,20140101,20140930,20130924,64600000,,,,,,,YN,,20131230,20131230,1,,,,CMSA,,,,,,3185334,1.84,N,,,,,,1647035.63,,,,,,N,,46000000,S2,,,,,,,,,,,,,,,,,,,,WF,S
JPMBB13C17,,883100165,61,20150218,2906914.05,2903488.67,20150206,,0.049,20181106,0.000113,,,,,0.000005,0.048882,,,,,12265.56,3425.38,15690.94,,,,,,,,,,,2903488.67,0,0,0,0,N,,,,,,,,,,,577882,187519,390363,188291,2.07,0.89,20141231,,,,,,,,,,,,,,,,20130730,4050000,,,,,,,YN,,20131230,20131230,1,,,,CMSA,,382030,2.03,,,,,N,,,,,,17500.9,,,,,,N,,2956500,S1,,,,,,,,,,,,,,,,,,,,WF,S
JPMBB13C17,,883100166,52,20150218,5025000,5025000,20150206,,0.049,20181106,0.000513,,,,,0.000005,0.048482,,,,,21202.71,0,21202.71,,,,,,,,,,,5025000,0,0,0,0,N,,,,,,,,,,,,,,,,,,,,,,,,,1038991,600608,438383,187405,2.34,0.95,20140101,20140930,20130828,6870000,,,,,,,YN,,20131230,20131230,1,,,,CMSA,,,,,,408383,2.18,N,,,,,,50029.71,,,,,,N,,5025000,S2,,,,,,,,,,,,,,,,,,,,WF,S
JPMBB13C17,,883100167,43,20150218,7875000,7875000,20150206,,0.049,20181106,0.000513,,,,,0.000005,0.048482,,,,,33228.12,0,33228.12,,,,,,,,,,,7875000,0,0,0,0,N,,,,,,,,,,,,,,,,,,,,,,,,,1630858,929134,701724,293694,2.39,0.94,20140101,20140930,20130828,10550000,,,,,,,YN,,20131230,20131230,1,,,,CMSA,,,,,,635814,2.16,N,,,,,,109918.95,,,,,,N,,7875000,S1,,,,,,,,,,,,,,,,,,,,WF,S
JPMBB13C17,,883100168,56,20150218,4065000,4065000,20150206,,0.049,20181106,0.000513,,,,,0.000005,0.048482,,,,,17152.04,0,17152.04,,,,,,,,,,,4065000,0,0,0,0,N,,,,,,,,,,,,,,,,,,,,,,,,,904813,528647,376166,151602,2.48,0.95,20140101,20140930,20130828,5440000,,,,,,,YN,,20131230,20131230,1,,,,CMSA,,,,,,349166,2.3,N,,,,,,45033.77,,,,,,N,,4065000,S1,,,,,,,,,,,,,,,,,,,,WF,S
JPMBB13C17,,883100169,40,20150218,8437517.22,8427684.67,20150206,,0.0495,20231106,0.000613,,,,,0.000005,0.048882,,,,,35964.92,9832.55,45797.47,,,,,,,,,,,8427684.67,0,0,0,0,N,,,,,,,,,,,,,,,,,,,,,,,,,985653,399390,586263,412177,1.42,0.91,20140101,20140930,20130827,11630000,,,,,,,YN,,20131230,20131230,1,,,,CMSA,,,,,,566742,1.37,N,,,,,,32206.9,,,,,,N,,8580000,S2,,,,,,,,,,,,,,,,,,,,WF,S
JPMBB13C17,,883100170,34,20150218,9390139.15,9375441.86,20150206,,0.05408,20231106,0.000113,,,,,0.000005,0.053962,,,,,43728.83,14697.29,58426.12,,,,,,,,,,,9375441.86,0,0,0,0,N,,,,,,,,,,,,,,,,,,,,,,,,,,,,,,,,,20130717,15000000,,,,,,,,,20131230,20131230,1,,,,CMSA,,,,,,,,N,,,,,,87980.81,,,,,,N,,9600000,S1,,,,,,,,,,,,,,,,,,,,WF,S
JPMBB13C17,,883100171,17,20150218,18360087.42,18314385.74,20150206,,0.05121,20231106,0.000113,,,,,0.000005,0.051092,,,,,80963.4,45701.68,126665.08,,,,,,,,,,,18314385.74,0,0,0,0,N,,,,,,,,,,,,,,,,,,,,,,,,,2493463,828292,1665171,1139986,1.46,0.98,20140101,20140930,20130614,28500000,,,,,,,YN,,20131230,20131230,1,,,,CMSA,,,,,,1480779,1.3,N,,,,,,235291.08,,,,,,N,,19000000,S1,,,,,,,,,,,,,,,,,,,,WF,S
JPMBB13C17,,883100172,5,20150218,47529027.36,47477836.77,20150206,,0.049655,20231206,0.000113,,,,,0.000005,0.049537,,,,,203226.86,51190.59,254417.45,,,,,,,,,,,47477836.77,0,0,0,0,N,,,,,,,,,,,,,,,,,,,,,,,,,10043075,4738713,5304362,2289757,2.32,0.88,20140101,20140930,20131023,73200000,,,,,,,YN,,20131230,20131230,1,,,,CMSA,,,,,,4960784,2.17,N,,,,,,2942626.62,,,,,,N,,47580000,S1,,,,,,,,,,,,,,,,,,,,WF,S
JPMBB13C17,,883100173,23,20150218,13395497.73,13381546.13,20150206,,0.05442,20231106,0.000113,,,,,0.000005,0.054302,,,,,62773.53,13951.6,76725.13,,,,,,,,,,,13381546.13,0,0,0,0,N,,,,,,,,,,,,,,,,,,,,,,,,,2138925,1109543,1029382,690527,1.49,0.93,20140101,20140930,20131030,23200000,,,,,,,YN,,20131230,20131230,1,,,,CMSA,,,,,,960776,1.39,N,,,,,,390975.22,,,,,,N,,13600000,S1,,,,,,,,,,,,,,,,,,,,WF,S
JPMBB13C17,,883100180,16,20150218,21000000,21000000,20150206,,0.04836,20231206,0.000113,,,,,0.000005,0.048242,,,,,87451,0,87451,,,,,,,,,,,21000000,0,0,0,0,N,,,,,,,,,,,,,,,,,,,,,,,,,2594201,1158110,1436091,772954,1.86,0.8,20140101,20140930,20130916,30000000,,,,,,,YN,,20131230,20131230,1,,,,CMSA,,,,,,1259260,1.63,X,,,,,,377693.95,,,,,,N,,21000000,S2,,,,,,,,,,,,,,,,,,,,WF,S
JPMBB13C17,,883100181,14,20150218,24600000,24600000,20150206,,0.04825,20231206,0.000613,,,,,0.000005,0.047632,,,,,102209.58,0,102209.58,,,,,,,,,,,24600000,0,0,0,0,N,,,,,,,,,,,,,,,,,,,,,,,,,3212355,1097056,2115299,1164957,1.82,0.92,20140101,20140930,20131021,40500000,,,,,,,YN,,20131230,20131230,1,,,,CMSA,,,,,,2015183,1.73,X,,,,,,323911.34,,,,,,N,,24600000,S2,,,,,,,,,,,,,,,,,,,,WF,S
JPMBB13C17,,883100182,22,20150218,13594262.81,13578995.23,20150206,,0.05087,20231206,0.000113,,,,,0.000005,0.050752,,,,,59549.29,15267.58,74816.87,,,,,,,,,,,13578995.23,0,0,0,0,N,,,,,,,,,,,,,,,,,,,,,,,,,2274540,1210315,1064225,673352,1.58,0.94,20140101,20140930,20131008,18500000,,,,,,,YN,,20131230,20131230,1,,,,CMSA,,,,,,856853,1.27,N,,,,,,345846.8,,,,,,N,,13800000,S2,,,,,,,,,,,,,,,,,,,,WF,S
JPMBB13C17,,883100183,54,20150218,4237349.2,4232711.34,20150206,,0.052,20231206,0.000113,,,,,0.000005,0.051882,,,,,18973.91,4637.86,23611.77,,,,,,,,,,,4232711.34,0,0,0,0,N,,,,,,,,,,,1013479,321427,692052,283341,2.44,0.85,20141231,,,,,,,,,,,,,,,,20131009,7700000,,,,,,,YN,,20131230,20131230,1,,,,CMSA,,685781,2.42,,,,,N,,,,,,7319.86,,,,,,N,,4300000,S1,,,,,,,,,,,,,,,,,,,,WF,S
JPMBB13C17,,883100184,41,20150218,8325000,8325000,20150206,,0.0519,20231206,0.000113,,,,,0.000005,0.051782,,,,,37205.81,0,37205.81,,,,,,,,,,,8325000,0,0,0,0,N,,,,,,,,,,,1013455,249262,764193,438068,1.74,0.88,20141231,,,,,,,,,,,,,,,,,11100000,,,,,,,,,20131230,20131230,3,,,,CMSA,,744793,1.7,,,,,N,,,,,,22659.17,,,,,,N,,8325000,S1,,,,,,,,,,,,,,,,,,,,WF,S
JPMBB13C17,,883100186,32,20150218,9757895.53,9747393.33,20150206,,0.05273,20231206,0.000113,,,,,0.000005,0.052612,,,,,44307.08,10502.2,54809.28,,,,,,,,,,,9747393.34,0,0,0,0,N,,,,,,,,,,,,,,,,,,,,,,,,,1236579,463890,772689,493283,1.57,0.93,20140101,20140930,20131025,13200000,,,,,,,YN,,20131230,20131230,1,,,,CMSA,,,,,,682572,1.38,N,,,,,,553257.41,,,,,,N,,9900000,S1,,,,,,,,,,,,,,,,,,,,WF,S
JPMBB13C17,,883100187,44,20150218,7459204.51,7440689.8,20150206,,0.05086,20231206,0.000113,,,,,0.000005,0.050742,,,,,32668.41,18514.71,51183.12,,,,,,,,,,,7440689.8,0,0,0,0,N,,,,,,,,,,,,,,,,,,,,,,,,,758498,183413,575085,460648,1.25,1,20140101,20140930,20131010,11850000,,,,,,,YN,,20131230,20131230,1,,,,CMSA,,,,,,543591,1.18,N,,,,,,68993.62,,,,,,N,,7700000,S2,,,,,,,,,,,,,,,,,,,,WF,S
