JPMBB13C17,,301410001,1,20170517,113471320.4,113285661.4,20170501,,0.04366,20240101,0.000113,,,,,0.000005,0.043542,,,,,412846.49,185658.98,598505.47,,0,,,,,,0,,0,113285661.4,0,0,0,0,N,,,,,,,,,,,34335056,11571783,22763273,13167120,1.7287,0.95,20161231,32881212,11354670,21526542,13167120,1.6348,0.93,20151231,,,,,,,,,20131115,366000000,,,,,,,,,20131230,20131230,1,,,,CREFC,,21863571,1.6604,20626840,1.5665,,,X,,,,,0,,,0,0,0,,N,,220000000,S2,,,,,,,,,,,0,,,,0,,,,,WF,S,20170412,20170511,N,,,,,,,0,JPMBB13C17,,,,,
JPMBB13C17,,301410002,2,20170517,91977795.86,91855267.8,20170501,,0.049127,20231101,0.000213,,,,,0.000005,0.048909,,,,,376549.43,122528.06,499077.49,,0,,,,,,0,,0,91855267.8,0,0,0,0,N,,,,,,,,,,,12141824,1963547,10178277,5988930,1.6995,1,20161231,11988589,2178753,9809836,4893600,2.0046,1,20151231,,,,,,,,,,125500000,,,,,,,,,20131230,20131230,7,,,,CREFC,,9211869,1.5381,8843428,1.8071,,,X,,,,,727.15,616562.08,,0,0,0,,N,,93900000,H,,,,,,,,,,,0,,,,0,,,,,WF,S,20170412,20170511,N,,,,,,,0,JPMBB13C17,,,,,
JPMBB13C17,,301171001,3,20170517,88128776.02,88009725.42,20170501,,0.0483334,20231101,0.000113,,,,,0.000005,0.0482154,,,,,354963.62,119050.6,474014.22,,0,,,,,,0,,0,88009725.42,0,0,0,0,N,,,,,,,,,,,23100956,8232921,14868035,14220427,1.0455,0.95,20161231,23030082,8148531,14881551,11553417,1.288,0.93,20151231,5446380,1746158,3700222,3555106,1.0408,0.92,20170101,20170331,20130910,365000000,,,,,,,YN,,20131230,20131230,1,,,,CREFC,,14806035,1.0411,14819551,1.2826,3684722,1.0364,X,,,,,0,,20170213,0,0,0,,N,,225000000,H,,,,,,,,,,,0,,,,0,,,,,WF,S,20170412,20170511,N,,,,,,,0,JPMC13C16,,,,,
JPMBB13C17,,301410004,4,20170517,71711603.16,71615871.13,20170501,,0.0487,20231201,0.000113,,,,,0.000005,0.048582,,,,,291029.59,95732.03,386761.62,,0,,,,,,0,,0,71615871.13,0,0,0,0,N,,,,,,,,,,,14732991,5783379,8949612,4641139,1.9283,0.98,20161231,14392983,5780830,8612153,3610648,2.3852,0.96,20151231,,,,,,,,,20131015,123000000,,,,,,,,,20131230,20131230,1,,,,CREFC,,7399686,1.5943,7062227,1.9559,,,N,,,,,0,973681.26,,0,0,0,,N,,73125000,H,,,,,,,,,,,0,,,,0,,,,,WF,S,20170412,20170511,N,,,,,,,0,JPMBB13C17,,,,,
JPMBB13C17,,883100172,5,20170517,45957828.96,45893581.18,20170506,,0.049655,20231206,0.000113,,,,,0.000005,0.049537,,,,,190169.67,64247.78,254417.45,,0,,,,,,0,,0,45893581.18,0,0,0,0,N,,,,,,,,,,,13790441,6933965,6856476,3053009,2.2458,0.82,20161231,13056582,6545807,6510775,3053009,2.1325,0.81,20151231,,,,,,,,,20131023,73200000,,,,,,,,,20131230,20131230,1,,,,CREFC,,6398372,2.0957,6052671,1.9825,,,N,,,,,0,666197.08,,0,0,0,,N,,47580000,S1,,,,,,,,,,,0,,,,0,,,,,WF,S,20170412,20170511,N,,,,,,,0,JPMBB13C17,,,,,
JPMBB13C17,,883100164,6,20170517,45725425.42,45668558.92,20170506,,0.04955,20231106,0.000113,,,,,0.000005,0.049432,,,,,188807.9,56866.5,245674.4,,0,,,,,,0,,0,45668558.92,0,0,0,0,N,,,,,,,,,,,,,,,,,,7488811,2165060,5323751,2310957,2.3036,0.99,20151231,1929225,556006,1373219,737023,1.8631,1,20170101,20170331,20130924,64600000,,,,,,,YN,,20131230,20131230,1,,,,CREFC,,,,4990783,2.1596,1289978,1.7502,N,,,,,0,57120.9,,0,0,0,,N,,46000000,S2,,,,,,,,,,,0,,,,0,,,,,WF,S,20170412,20170511,N,,,,,,,0,JPMBB13C17,,,,,
JPMBB13C17,,301410007,7,20170517,30813714.16,30775148.05,20170501,,0.0492,20231101,0.000413,,,,,0.000005,0.048782,,,,,126336.23,38566.11,164902.34,,0,,,,,,0,,0,30775148.05,0,0,0,0,N,,,,,,,,,,,3710260,845419,2864841,1588422,1.8035,1,20161231,3686014,934238,2751776,1546383,1.7794,0.83,20151231,,,,,,,,,20130918,51000000,,,,,,,,,20131230,20131230,1,,,,CREFC,,2727535,1.7171,2614470,1.6907,,,X,,,,,117.17,13572.96,,0,0,0,,N,,31000000,S1,,,,,,,,,,,0,,,,0,,,,,WF,S,20170412,20170511,N,,,,,,,0,JPMBB13C17,,,,,
JPMBB13C17,,301410008,8,20170517,29858783.65,29822066.84,20170501,,0.049875,20231201,0.000313,,,,,0.000005,0.049557,,,,,124100.57,36716.81,160817.38,,0,,,,,,0,,0,29822066.84,0,0,0,0,N,,,,,,,,,,,4752140,2320912,2431228,1521188,1.5982,0.89,20161231,5409637,2686564,2723073,1517031,1.795,0.89,20151231,,,,,,,,,20131009,39000000,,,,,,,,,20131230,20131230,1,,,,CREFC,,2155225,1.4168,2447070,1.613,,,X,,,,,2106.21,1948068.25,,0,0,0,,N,,30000000,S2,,,,,,,,,,,0,,,,0,,,,,WF,S,20170412,20170511,N,,,,,,,0,JPMBB13C17,,,,,
JPMBB13C17,,301410009,9,20170517,28428743.09,28385431.25,20170501,,0.048675,20231101,0.000113,,,,,0.000005,0.048557,,,,,115314.09,43311.84,158625.93,,0,,,,,,0,,0,28385431.25,0,0,0,0,N,,,,,,,,,,,4215205,2182822,2032383,1903511,1.0677,0.77,20151231,4995104,2540764,2454340,1903511,1.2893,0.83,20141231,2810291,1458605,1351686,951755,1.4202,0.8,20160101,20160630,20130918,43000000,,,,,,,YN,,20131230,20131230,1,,,,CREFC,20150410,1742409,0.9153,2164366,1.137,1206698,1.2678,X,,,,,574.48,1165040.55,,0,0,0,,N,,30000000,S1,,,,,,,,,,,0,,,,0,,,,,WF,S,20170412,20170511,N,,,,,,,0,JPMBB13C17,,,,,
JPMBB13C17,,301410013,13,20170517,25375000,25375000,20170501,,0.0474,20231201,0.000113,,,,,0.000005,0.047282,,,,,100231.25,0,100231.25,,0,,,,,,0,,0,25375000,0,0,0,0,N,,,,,,,,,,,4555870,1897065,2658805,1222821,2.1743,0.82,20161231,5202385,2444507,2757878,1219480,2.2615,0.85,20151231,,,,,,,,,20131010,39600000,,,,,,,,,20131230,20131230,1,,,,CREFC,,2106481,1.7226,2205554,1.8086,,,N,,,,,0,881052.83,,0,0,0,,N,,25375000,SH,,,,,,,,,,,0,,,,0,,,,,WF,S,20170412,20170511,N,,,,,,,0,JPMBB13C17,,,,,
JPMBB13C17,,883100181,14,20170517,24120280.34,24087824.3,20170506,,0.04825,20231206,0.000613,,,,,0.000005,0.047632,,,,,96983.63,32456.04,129439.67,,0,,,,,,0,,0,24087824.3,0,0,0,0,N,,,,,,,,,,,3669711,1294883,2374828,1553276,1.5289,0.9,20161231,3604271,1546619,2057652,1203435,1.7098,0.89,20151231,,,,,,,,,20131021,40500000,,,,,,,,,20131230,20131230,1,,,,CREFC,,2241339,1.4429,1924163,1.5988,,,X,,,,,0,65392.19,,0,0,0,,N,,24600000,S2,,,,,,,,,,,0,,,,0,,,,,WF,S,20170412,20170511,N,,,,,,,0,JPMBB13C17,,,,,
JPMBB13C17,,883100162,15,20170517,23388448.17,23355802.75,20170506,,0.0485,20181006,0.000513,,,,,0.000005,0.047982,,,,,94528.31,32645.42,127173.73,,0,,,,,,0,,0,23355802.75,0,0,0,0,N,,,,,,,,,,,7134663,3588341,3546322,1526085,2.3238,0.92,20161231,6823158,3592939,3230219,1410253,2.2905,0.87,20151231,1773267,985686,787581,381521,2.0643,0.89,20170101,20170331,20130826,34350000,,,,,,,YN,,20131230,20131230,1,,,,CREFC,20150721,3346822,2.193,3030719,2.149,737706,1.9335,N,,,,,0,1069458.5,20160613,0,0,0,,N,,24100000,S1,,,,,,,,,,,0,,,,0,,,,,WF,S,20170412,20170511,N,,,,,,,0,JPMBB13C17,,,,,
JPMBB13C17,,883100180,16,20170517,20898195.03,20871777.61,20170506,,0.04836,20231206,0.000113,,,,,0.000005,0.048242,,,,,84219.73,26417.42,110637.15,,0,,,,,,0,,0,20871777.61,0,0,0,0,N,,,,,,,,,,,4083391,1636155,2447236,1032486,2.3702,0.92,20161231,3881750,1781319,2100431,1029665,2.0399,0.93,20151231,,,,,,,,,20130916,30000000,,,,,,,YN,,20131230,20131230,1,,,,CREFC,,2211460,2.1418,1864655,1.8109,,,X,,,,,0,118271.93,,0,0,0,,N,,21000000,S2,,,,,,,,,,,0,,,,0,,,,,WF,S,20170412,20170511,N,,,,,,,0,JPMBB13C17,,,,,
JPMBB13C17,,883100171,17,20170517,17009874.65,16955799.21,20170506,,0.05121,20231106,0.000113,,,,,0.000005,0.051092,,,,,72589.64,54075.44,126665.08,,0,,,,,,0,,0,16955799.21,0,0,0,0,N,,,,,,,,,,,3261680,933129,2328551,1519980,1.5319,0.98,20161231,3332506,948332,2384174,1519980,1.5685,0.98,20151231,673561,195828,477733,379995,1.2572,1,20170101,20170331,20130614,28500000,,,,,,,YN,,20131230,20131230,1,,,,CREFC,,2082694,1.3702,2138317,1.4068,416270,1.0954,N,,,,,0,448311.89,,0,0,0,,N,,19000000,S1,,,,,,,,,,,0,,,,0,,,,,WF,S,20170412,20170511,N,,,,,,,0,JPMBB13C17,,,,,
JPMBB13C17,,301410018,18,20170517,16000000,16000000,20170501,,0.0482,20231101,0.000113,,,,,0.000005,0.048082,,,,,64266.67,0,64266.67,,0,,,,,,0,,0,16000000,0,0,0,0,N,,,,,,,,,,,2695848,554554,2141294,784053,2.731,1,20161231,2714565,528468,2186097,781911,2.7958,1,20151231,,,,,,,,,20130926,29000000,,,,,,,,,20131230,20131230,1,,,,CREFC,20140528,1987168,2.5344,2031971,2.5987,,,N,,,,,0,,,0,0,0,,N,,16000000,H,,,,,,,,,,,0,,,,0,,,,,WF,S,20170412,20170511,N,,,,,,,0,JPMBB13C17,,,,,
JPMBB13C17,,301410019,19,20170517,14908602.71,14889696.2,20170501,,0.048475,20231101,0.000113,,,,,0.000005,0.048357,,,,,60224.54,18906.51,79131.05,,0,,,,,,0,,0,14889696.2,0,0,0,0,N,,,,,,,,,,,3617394,1831488,1785906,774299,2.3064,0.95,20161231,3492397,1813750,1678647,737224,2.2769,0.95,20151231,932420,459280,473140,237393,1.993,0.96,20170101,20170331,20130822,22700000,,,,,,,YN,,20131230,20131230,1,,,,CREFC,,1680906,2.1708,1573647,2.1345,446890,1.8824,X,,,,,0,8750.97,,0,0,0,,N,,15000000,S2,,,,,,,,,,,0,,,,0,,,,,WF,S,20170412,20170511,N,,,,,,,0,JPMBB13C17,,,,,
JPMBB13C17,,301410020,20,20170517,13956420.95,13936246.07,20170501,,0.0512,20240101,0.000113,,,,,0.000005,0.051082,,,,,59547.4,20174.88,79722.28,,0,,,,,,0,,0,13936246.07,0,0,0,0,N,,,,,,,,,,,2640059,948057,1692002,956667,1.7686,1,20161231,2538372,871188,1667184,956667,1.7427,1,20151231,,,,,,,,,20131111,19940000,,,,,,,,,20131230,20131230,1,,,,CREFC,,1673002,1.7487,1648184,1.7228,,,N,,,,,11.92,69229.8,,0,0,0,,N,,14650000,N,,,,,,,,,,,0,,,,0,,,,,WF,S,20170412,20170511,N,,,,,,,0,JPMBB13C17,,,,,
JPMBB13C17,,883100182,22,20170517,13125597.85,13106422.58,20170506,,0.05087,20231206,0.000113,,,,,0.000005,0.050752,,,,,55641.6,19175.27,74816.87,,0,,,,,,0,,0,13106422.58,0,0,0,0,N,,,,,,,,,,,3281482,1635900,1645582,897802,1.8329,0.97,20161231,3137581,1654697,1482884,897802,1.6516,0.91,20151231,,,,,,,,,20131008,18500000,,,,,,,,,20131230,20131230,1,,,,CREFC,,1369084,1.5249,1206386,1.3437,,,N,,,,,0,368381.22,,0,0,0,,N,,13800000,S2,,,,,,,,,,,0,,,,0,,,,,WF,S,20170412,20170511,N,,,,,,,0,JPMBB13C17,,,,,
JPMBB13C17,,883100173,23,20170517,12960937.84,12942990.56,20170506,,0.05442,20231106,0.000113,,,,,0.000005,0.054302,,,,,58777.85,17947.28,76725.13,,0,,,,,,0,,0,12942990.56,0,0,0,0,N,,,,,,,,,,,3358895,1498283,1860612,920701,2.0208,0.94,20161231,3183284,1399798,1783486,920701,1.937,0.98,20151231,,,,,,,,,20131030,23200000,,,,,,,,,20131230,20131230,1,,,,CREFC,,1769137,1.9215,1692011,1.8377,,,N,,,,,0,456876.48,,0,0,0,,N,,13600000,S1,,,,,,,,,,,0,,,,0,,,,,WF,S,20170412,20170511,N,,,,,,,0,JPMBB13C17,,,,,
JPMBB13C17,,301410024,24,20170517,12348335.94,12330238.42,20170501,,0.051024,20231101,0.000113,,,,,0.000005,0.050906,,,,,52505.12,18097.52,70602.64,,0,,,,,,0,,0,12330238.42,0,0,0,0,N,,,,,,,,,,,3393887,1629798,1764089,847231,2.0821,0.8,20161231,3222935,1665309,1557626,847231,1.8384,0.78,20151231,,,,,,,,,20130924,18100000,,,,,,,,,20131230,20131230,1,,,,CREFC,,1440290,1.6999,1233827,1.4563,,,N,,,,,8.49,416358.57,,0,0,0,,N,,13000000,H,,,,,,,,,,,0,,,,0,,,,,WF,S,20170412,20170511,N,,,,,,,0,JPMBB13C17,,,,,
JPMBB13C17,,301410026,26,20170517,11223391.71,11206996.74,20170501,,0.050875,20231201,0.000113,,,,,0.000005,0.050757,,,,,47582.5,16394.97,63977.47,,0,,,,,,0,,0,11206996.74,0,0,0,0,N,,,,,,,,,,,4936329,2898387,2037942,767730,2.6545,0.82,20161231,4514436,3089894,1424542,767730,1.8555,0.79,20151231,1160177,724628,435549,191932,2.2692,0.79,20170101,20170331,20131001,19000000,,,,,,,YN,,20131230,20131230,1,,,,CREFC,,1886048,2.4566,1272648,1.6576,397575,2.0714,X,,,,,0,569001.91,,0,0,0,,N,,11800000,S1,,,,,,,,,,,0,,,,0,,,,,WF,S,20170412,20170511,N,,,,,,,0,JPMBB13C17,,,,,
JPMBB13C17,,883100157,25,20170517,11179064.39,11156739.62,20170206,,0.0556,20231006,0.000113,0.0025,,,,0.000005,0.052982,,,,,51796.33,22324.77,74121.1,,0,,,,,,0,,0,11225143.04,222224.85,103443.98,0,2,N,,,,,,,,,,,11120001,9729149,1390852,889453,1.5637,0.55,20151231,11075163,9491486,1583677,889453,1.7805,0.54,20141228,10742404,9536379,1206025,889453,1.3559,0.53,20151001,20160925,20130816,21600000,0,20170323,,,,,TN,,20131230,20131230,1,,,,CREFC,,930156,1.0457,1122981,1.2625,745329,0.8379,N,,,,,738.72,64435.55,,2328.97,0,0,,N,,12000000,S2,,,,,,,,,,,0,,,H,0,,,,,WF,S,20170412,20170511,N,N,,,,0,,0,JPMBB13C17,,,,0,0
JPMBB13C17,,301410027,27,20170517,10984951.53,10967363.27,20170501,,0.04563,20181101,0.000113,,,,,0.000005,0.045512,,,,,41770.28,17588.26,59358.54,,0,,,,,,0,,0,10967363.27,0,0,0,0,N,,,,,,,,,,,3177369,1718871,1458498,712302,2.0475,0.83,20161231,3456625,1734502,1722123,712302,2.4176,0.89,20151231,,,,,,,,,20130619,15700000,,,,,,,,,20131230,20131230,1,,,,CREFC,,1306392,1.834,1570017,2.2041,,,N,,,,,10.09,369861.66,,0,0,0,,N,,11629000,N,,,,,,,,,,,0,,,,0,,,,,WF,S,20170412,20170511,N,,,,,,,0,JPMBB13C17,,,,,
JPMBB13C17,,301410028,28,20170517,10917909.23,10901457.12,20170501,,0.049,20231201,0.000113,,,,,0.000005,0.048882,,,,,44581.46,16452.11,61033.57,,0,,,,,,0,,0,10901457.12,0,0,0,0,N,,,,,,,,,,,1293892,225919,1067973,732402,1.4581,1,20161231,1257048,213967,1043081,732402,1.4241,1,20151231,326584,55743,270841,183100,1.4791,1,20170101,20170331,20130924,17080000,,,,,,,YN,,20131230,20131230,1,,,,CREFC,,1009110,1.3778,984218,1.3438,256126,1.3988,N,,,,,38.01,221293.06,,0,0,0,,N,,11500000,S1,,,,,,,,,,,0,,,,0,,,,,WF,S,20170412,20170511,N,,,,,,,0,JPMBB13C17,,,,,
JPMBB13C17,,301410029,29,20170517,10657096.07,10641638.16,20170505,,0.0513,20231205,0.000113,,,,,0.000005,0.051182,,,,,45559.09,15457.91,61017,,0,,,,,,0,,0,10641638.16,0,0,0,0,N,,,,,,,,,,,3496016,2565690,930326,732204,1.2705,0.67,20161231,3758424,2483187,1275237,732204,1.7416,0.71,20151231,,,,,,,,,20131031,16500000,,,,,,,YN,,20131230,20131230,1,,,,CREFC,,780117,1.0654,1125028,1.5364,,,N,,,,,0,37587.71,20161011,0,0,0,,N,,11200000,S2,,,,,,,,,,,0,,,,0,,,,,WF,S,20170412,20170511,N,,,,,,,0,JPMBB13C17,,,,,
JPMBB13C17,,301410030,30,20170517,9948275.77,9933075.74,20170505,,0.0485,20231105,0.000413,,,,,0.000005,0.048082,,,,,40207.61,15200.03,55407.64,,0,,,,,,0,,0,9933075.74,0,0,0,0,N,,,,,,,,,,,2105601.15,966778.7,1138822.45,664891.68,1.7127,0.97,20161231,2071835,877790,1194045,664892,1.7958,0.9,20151231,,,,,,,,,20131009,14500000,,,,,,,,,20131230,20131230,1,,,,CREFC,20150720,1080822.45,1.6255,1136045,1.7086,,,X,,,,,36.53,14746.75,,0,0,0,,N,,10500000,S2,,,,,,,,,,,0,,,,0,,,,,WF,S,20170412,20170511,N,,,,,,,0,JPMBB13C17,,,,,
JPMBB13C17,,301410010,10,20170517,9945794.29,9933526.1,20170501,,0.05,20231101,0.000588,,,,,0.000005,0.049407,,,,,41440.81,12268.19,53709,,0,,,,,,0,,0,9933526.1,0,0,0,0,N,,,,,,,,,,,3101479,1620281,1481198,507198,2.9203,0.96,20151231,2782658,1507592,1275066,507197,2.5139,0.94,20141231,2389539,1191941,1197598,382135,3.1339,0.95,20160101,20160930,20130918,17300000,,,,,,,YN,,20131230,20131230,1,,,,CREFC,,1329315,2.6208,1123183,2.2144,1083685,2.8358,X,,,,,50.84,131633.37,,0,0,0,,N,,10005000,S1,,,,,,,,,,,0,,,,0,,,,,WF,S,20170412,20170511,N,,,,,,,0,JPMBB13C17,,,,,
JPMBB13C17,,301410033,33,20170517,9573563.86,9561510.99,20170501,,0.052,20231201,0.000113,,,,,0.000005,0.051882,,,,,41485.44,12052.87,53538.31,,0,,,,,,0,,0,9561510.99,0,0,0,0,N,,,,,,,,,,,1645215.12,628461.19,1016753.93,642459,1.5825,0.93,20161231,1553733,549707,1004026,514041,1.9532,0.93,20151231,403648.65,185283.48,218365.17,160614,1.3595,0.95,20170101,20170331,20130822,13000000,,,,,,,YN,,20131230,20131230,1,,,,CREFC,,977493.93,1.5214,964766,1.8768,208550.17,1.2984,N,,,,,3.56,9724.52,,0,0,0,,N,,9750000,S2,,,,,,,,,,,0,,,,0,,,,,WF,S,20170412,20170511,N,,,,,,,0,JPMBB13C17,,,,,
JPMBB13C17,,883100186,32,20170517,9433008.61,9419649.54,20170506,,0.05273,20231206,0.000113,,,,,0.000005,0.052612,,,,,41450.21,13359.07,54809.28,,0,,,,,,0,,0,9419649.55,0,0,0,0,N,,,,,,,,,,,1428456,612608,815848,657711,1.2404,0.79,20161231,1495034,639352,855682,657711,1.3009,0.79,20151231,,,,,,,,,20131025,13200000,,,,,,,,,20131230,20131230,1,,,,CREFC,,695690,1.0577,735524,1.1183,,,N,,,,,0,40433.02,20160711,0,0,0,,N,,9900000,S1,,,,,,,,,,,0,,,,0,,,,,WF,S,20170412,20170511,N,,,,,,,0,JPMBB13C17,,,,,
JPMBB13C17,,301410031,31,20170517,9431147.72,9410271.47,20170501,,0.04722,20200731,0.000113,,,,,0.000005,0.047102,,,,,37111.57,20876.25,57987.82,,0,,,,,,0,,0,9410271.47,0,0,0,0,N,,,,,,,,,,,2404072,926933,1477139,695853,2.1227,0.94,20161231,2350520,867472,1483048,695853,2.1312,0.97,20151231,619457,233803,385654,173963,2.2168,0.94,20170101,20170331,20130908,14040000,,,,,,20181101,YN,,20131230,20131230,1,,,,CREFC,,1289899,1.8536,1295808,1.8621,338844,1.9477,N,,,,,81.58,54650.5,,0,0,0,,N,,10200000,H,,,,,,,,,,,0,,,,0,,,,,WF,S,20170412,20170511,N,,,,,,,0,JPMBB13C17,,,,,
JPMBB13C17,,301410011,11,20170517,9249936.62,9238526.77,20170501,,0.05,20231101,0.000588,,,,,0.000005,0.049407,,,,,38541.4,11409.85,49951.25,,0,,,,,,0,,0,9238526.77,0,0,0,0,N,,,,,,,,,,,2732988,1472307,1260681,471712,2.6725,0.96,20151231,2652848,1409019,1243829,471712,2.6368,0.94,20141231,2141365,1120523,1020842,355399,2.8723,0.96,20160101,20160930,20130918,17400000,,,,,,,YN,,20131230,20131230,1,,,,CREFC,,1139593,2.4158,1122741,2.3801,930026,2.6168,X,,,,,38.58,97736.82,,0,0,0,,N,,9305000,S1,,,,,,,,,,,0,,,,0,,,,,WF,S,20170412,20170511,N,,,,,,,0,JPMBB13C17,,,,,
JPMBB13C17,,301410035,35,20170517,8991924.58,8978881.96,20170505,,0.0513,20231205,0.000688,,,,,0.000005,0.050607,,,,,38440.48,13042.62,51483.1,,0,,,,,,0,,0,8978881.96,0,0,0,0,N,,,,,,,,,,,553289,248911,304378,617797,0.4926,0.39,20161231,983231,292315,690916,617797,1.1183,0.39,20151231,,,,,,,,,20131022,12800000,,,,,,,,,20131230,20131230,1,,,,CREFC,,213386,0.3453,599924,0.971,,,N,,,,,0,543195.87,20160311,0,0,0,,N,,9450000,N,,,,,,,,,,,0,,,,0,,,,,WF,S,20170412,20170511,N,,,,,,,0,JPMBB13C17,,,,,
JPMBB13C17,,883100170,34,20170517,8944818.89,8926704.09,20170506,,0.05408,20231106,0.000113,,,,,0.000005,0.053962,,,,,40311.32,18114.8,58426.12,,0,,,,,,0,,0,8926704.09,0,0,0,0,N,,,,,,,,,,,2349361,1167004,1182357,701113,1.6864,0.7,20151231,2190201,1053160,1137041,701113,1.6217,0.66,20141231,1680993,850839,830154,525835,1.5787,0.78,20160101,20160930,20130717,15000000,,,,,,,YN,,20131230,20131230,1,,,,CREFC,,987039,1.4078,941723,1.3431,683666,1.3001,N,,,,,0,191736.32,,0,0,0,,N,,9600000,S1,,,,,,,,,,,0,,,,0,,,,,WF,S,20170412,20170511,N,,,,,,,0,JPMBB13C17,,,,,
JPMBB13C17,,301410012,12,20170517,8887096.55,8876134.27,20170501,,0.05,20231101,0.000588,,,,,0.000005,0.049407,,,,,37029.57,10962.28,47991.85,,0,,,,,,0,,0,8876134.27,0,0,0,0,N,,,,,,,,,,,2569474,1385898,1183576,453208,2.6115,0.94,20151231,2440247,1273716,1166531,453209,2.5739,0.97,20141231,2049398,1019029,1030369,341458,3.0175,0.96,20160101,20160930,20130918,15200000,,,,,,,YN,,20131230,20131230,1,,,,CREFC,,1084657,2.3932,1067612,2.3556,956179,2.8002,X,,,,,35.31,67729.35,,0,0,0,,N,,8940000,S1,,,,,,,,,,,0,,,,0,,,,,WF,S,20170412,20170511,N,,,,,,,0,JPMBB13C17,,,,,
JPMBB13C17,,301410038,38,20170517,8829117.25,8817516.76,20170505,,0.0496,20231205,0.000313,,,,,0.000005,0.049282,,,,,36493.68,11600.49,48094.17,,0,,,,,,0,,0,8817516.76,0,0,0,0,N,,,,,,,,,,,942186,147554,794632,577130,1.3768,0.86,20161231,925309,147469,777840,452600,1.7186,0.86,20151231,,,,,,,,,20131125,12200000,,,,,,,,,20131230,20131230,1,,,,CREFC,,784309,1.3589,767517,1.6957,,,N,,,,,2.83,30983.77,,0,0,0,,N,,9000000,S2,,,,,,,,,,,0,,,,0,,,,,WF,S,20170412,20170511,N,,,,,,,0,JPMBB13C17,,,,,
JPMBB13C17,,301410039,39,20170517,8700000,8700000,20170501,,0.0506,20231001,0.000113,,,,,0.000005,0.050482,,,,,36685,0,36685,,0,,,,,,0,,0,8700000,0,0,0,0,N,,,,,,,,,,,1782888,823225,959663,446335,2.15,0.89,20151231,1726075,653259,1072816,446334,2.4036,0.9,20141231,826039,441761,384278,223778,1.7172,0.89,20160101,20160630,20130910,14600000,,,,,,,YN,,20131230,20131230,1,,,,CREFC,,930663,2.0851,1043816,2.3386,369778,1.6524,X,,,,,0,91262.8,,0,0,0,,N,,8700000,S2,,,,,,,,,,,0,,,,0,,,,,WF,S,20170412,20170511,N,,,,,,,0,JPMBB13C17,,,,,
JPMBB13C17,,883100184,41,20170517,8174046.3,8163736.98,20170406,,0.0519,20231206,0.000113,,,,,0.000005,0.051782,,,,,35352.75,10309.32,45662.07,,0,,,,,,0,,0,8174046.3,45628.01,0,0,B,N,,,,,,,,,,,1068096,222636,845460,438069,1.9299,0.83,20151231,1013455,249262,764193,438068,1.7444,0.88,20141231,786360,165929,620431,410959,1.5097,0.81,20160101,20160930,,11100000,,,,,,,YN,,20131230,20131230,3,,,,CREFC,,826060,1.8856,744793,1.7001,605883,1.4743,N,,,,,0,10014.79,,0,0,0,,N,,8325000,S2,,,,,,,,,,,0,,,,0,,,,,WF,S,20170412,20170511,N,,,,,,,0,JPMBB13C17,,,,,
JPMBB13C17,,883100169,40,20170517,8137453.93,8125223.46,20170506,,0.0495,20231106,0.000613,,,,,0.000005,0.048882,,,,,33567,12230.47,45797.47,,0,,,,,,0,,0,8125223.46,0,0,0,0,N,,,,,,,,,,,1327414,582526,744888,549569,1.3554,0.96,20151231,1306256,548645,757611,549569,1.3785,0.9,20141231,948416,448596,499820,412177,1.2126,0.88,20160101,20160930,20130827,11630000,,,,,,,YN,,20131230,20131230,1,,,,CREFC,,718859,1.308,731582,1.3311,480299,1.1652,N,,,,,0,39358.29,,0,0,0,,N,,8580000,S2,,,,,,,,,,,0,,,,0,,,,,WF,S,20170412,20170511,N,,,,,,,0,JPMBB13C17,,,,,
JPMBB13C17,,301410042,42,20170517,7806272.63,7795043.87,20170505,,0.0518,20231205,0.000488,,,,,0.000005,0.051307,,,,,33697.08,11228.76,44925.84,,0,,,,,,0,,0,7795043.87,0,0,0,0,N,,,,,,,,,,,1404849,409444,995405,539110,1.8463,1,20161231,1338974,388308,950666,539110,1.7633,0.92,20151231,361145,102967,258178,134778,1.9155,1,20170101,20170331,20131022,11400000,,,,,,,YN,,20131230,20131230,1,,,,CREFC,,931029,1.7269,886290,1.6439,242084,1.7961,N,,,,,0,104657.1,,0,0,0,,N,,8200000,N,,,,,,,,,,,0,,,,0,,,,,WF,S,20170412,20170511,N,,,,,,,0,JPMBB13C17,,,,,
JPMBB13C17,,883100167,43,20170517,7655349.09,7644813.7,20170506,,0.049,20181106,0.000513,,,,,0.000005,0.048482,,,,,31259.34,10535.39,41794.73,,0,,,,,,0,,0,7644813.71,0,0,0,0,N,,,,,,,,,,,2418544,1325402,1093142,454416,2.4055,0.96,20151231,2184254,1225249,959005,391234,2.4512,0.92,20141231,1908744,980235,928509,376153,2.4684,0.94,20160101,20160930,20130828,10550000,,,,,,,YN,,20131230,20131230,1,,,,CREFC,,1005262,2.2122,871125,2.2266,862599,2.2932,N,,,,,0,89509.35,,0,0,0,,N,,7875000,S1,,,,,,,,,,,0,,,,0,,,,,WF,S,20170412,20170511,N,,,,,,,0,JPMBB13C17,,,,,
JPMBB13C17,,301410045,45,20170517,7130907.95,7120426.07,20170505,,0.0505,20231205,0.000713,,,,,0.000005,0.049782,,,,,30009.24,10481.88,40491.12,,0,,,,,,0,,0,7120426.07,0,0,0,0,N,,,,,,,,,,,822802,339992,482810,485893,0.9936,1,20161231,1095094,362954,732140,485893,1.5067,1,20151231,257476,90854,166622,121473,1.3716,1,20170101,20170331,20131104,10500000,,,,,,,YN,,20131230,20131230,1,,,,CREFC,,412490,0.8489,661820,1.362,149042,1.2269,N,,,,,0.12,557542.2,20160811,0,0,0,,N,,7500000,S1,,,,,,,,,,,0,,,,0,,,,,WF,S,20170412,20170511,N,,,,,,,0,JPMBB13C17,,,,,
JPMBB13C17,,883100187,44,20170517,6912490.84,6890605.16,20170506,,0.05086,20231206,0.000113,,,,,0.000005,0.050742,,,,,29297.44,21885.68,51183.12,,0,,,,,,0,,0,6890605.16,0,0,0,0,N,,,,,,,,,,,968954,177071,791883,614197,1.2892,1,20161231,951905,168371,783534,614197,1.2757,1,20151228,242293,43671,198622,153549,1.2935,1,20170101,20170331,20131010,11850000,,,,,,,YN,,20131230,20131230,1,,,,CREFC,20150224,749889,1.2209,741540,1.2073,188124,1.2251,N,,,,,0,102498.87,,0,0,0,,N,,7700000,S2,,,,,,,,,,,0,,,,0,,,,,WF,S,20170412,20170511,N,,,,,,,0,JPMBB13C17,,,,,
JPMBB13C17,,301410046,46,20170517,6821148.26,6810885.09,20170501,,0.04974,20231001,0.000113,,,,,0.000005,0.049622,,,,,28273.66,10263.17,38536.83,,0,,,,,,0,,0,6810885.09,0,0,0,0,N,,,,,,,,,,,2657417,1422453,1234964,462441,2.6705,0.6,20161231,2666900,1393083,1273817,462441,2.7545,0.61,20151231,593838,320501,273337,115610,2.3643,0.53,20170101,20170331,20130701,12750000,,,,,,,YN,,20131230,20131230,1,,,,CREFC,,1146659,2.4795,1185512,2.5635,251261,2.1733,X,,,,,49.33,264173.56,,0,0,0,,N,,7200000,N,,,,,,,,,,,0,,,,0,,,,,WF,S,20170412,20170511,N,,,,,,,0,JPMBB13C17,,,,,
JPMBB13C17,,301410047,47,20170517,6755184.67,6745370.05,20170501,,0.0512,20231201,0.000113,,,,,0.000005,0.051082,,,,,28822.12,9814.62,38636.74,,0,,,,,,0,,0,6745370.05,0,0,0,0,N,,,,,,,,,,,1332953,509319,823634,463641,1.7764,0.88,20161231,1306821,555490,751331,463641,1.6205,0.86,20151231,348956,126089,222867,115911,1.9227,0.85,20170101,20170331,20130620,12100000,,,,,,,YN,,20131230,20131230,1,,,,CREFC,,805742,1.7378,733439,1.5819,218394,1.8841,N,,,,,0,147331,20161212,0,0,0,,N,,7100000,S2,,,,,,,,,,,0,,,,0,,,,,WF,S,20170412,20170511,N,,,,,,,0,JPMBB13C17,,,,,
JPMBB13C17,,301410048,48,20170517,6656979.88,6647569.96,20170501,,0.0535,20231001,0.000113,,,,,0.000005,0.053382,,,,,29679.04,9409.92,39088.96,,0,,,,,,0,,0,6647569.96,0,0,0,0,N,,,,,,,,,,,1498257,338885,1159372,469067,2.4716,1,20161231,1387491,354431,1033060,469067,2.2023,1,20151231,,,,,,,,,20130409,10900000,,,,,,,,,20131230,20131230,1,,,,CREFC,,1128372,2.4055,1002060,2.1362,,,N,,,,,4.52,111167.49,,0,0,0,,N,,7000000,S2,,,,,,,,,,,0,,,,0,,,,,WF,S,20170412,20170511,N,,,,,,,0,JPMBB13C17,,,,,
JPMBB13C17,,301410049,49,20170517,6514168.92,6503649.04,20170501,,0.0451,20181101,0.000113,,,,,0.000005,0.044982,,,,,24482.42,10519.88,35002.3,,0,,,,,,0,,0,6503649.04,0,0,0,0,N,,,,,,,,,,,1272947.66,655214.35,617733.31,420027.44,1.4706,0.94,20161231,1132661,654562,478099,420028,1.1382,0.92,20151231,,,,,,,,,20130723,9600000,,,,,,,,,20131230,20131230,1,,,,CREFC,,580811.81,1.3827,441178,1.0503,,,X,,,,,12.46,19723.87,,0,0,0,,N,,6900000,SF,,,,,,,,,,,0,,,,0,,,,,WF,S,20170412,20170511,N,,,,,,,0,JPMBB13C17,,,,,
JPMBB13C17,,301410050,50,20170517,5328564.49,5320982.63,20170501,,0.0528,20231101,0.000113,,,,,0.000005,0.052682,,,,,23445.68,7581.86,31027.54,,0,,,,,,0,,0,5320982.63,0,0,0,0,N,,,,,,,,,,,961178,306996,654182,372330,1.7569,1,20161231,925243,282036,643207,372330,1.7275,0.98,20151231,260116,67727,192389,93083,2.0668,1,20170101,20170331,20130827,7200000,,,,,,,YN,,20131230,20131230,1,,,,CREFC,,629382,1.6903,618407,1.6609,186189,2.0002,N,,,,,0.05,14466.69,,0,0,0,,N,,5600000,S2,,,,,,,,,,,0,,,,0,,,,,WF,S,20170412,20170511,N,,,,,,,0,JPMBB13C17,,,,,
JPMBB13C17,,883100155,36,20170517,5070310.27,5060196.77,20170506,,0.0562,20230906,0.000113,,,,,0.000005,0.056082,,,,,23745.95,10113.5,33859.45,,0,,,,,,0,,0,5060196.77,0,0,0,0,N,,,,,,,,,,,1936150,1084000,852150,406313,2.0972,0.98,20161231,1877232,1084674,792558,406313,1.9506,0.98,20151231,,,,,,,,,20130814,8300000,,,,,,,,,20131230,20131230,1,,,,CREFC,,757750,1.8649,698158,1.7182,,,N,,,,,0,57653.23,,0,0,0,,N,,5450000,S1,,,,,,,,,,,0,,,,0,,,,,WF,S,20170412,20170511,N,,,,,,,0,JPMBB13C17,,,,,
JPMBB13C17,,301410051,51,20170517,4898469.75,4891453.13,20170501,,0.0524,20231101,0.000113,,,,,0.000005,0.052282,,,,,21389.98,7016.62,28406.6,,0,,,,,,0,,0,4891453.13,0,0,0,0,N,,,,,,,,,,,709966,261052,448914,340879,1.3169,1,20161231,680565,229359,451206,340879,1.3236,1,20150930,,,,,,,,,20130829,8300000,,,,,,,YN,,20131230,20131230,1,,,,CREFC,,435572,1.2777,437864,1.2845,,,N,,,,,0,1722,,0,0,0,,N,,5150000,S2,,,,,,,,,,,0,,,,0,,,,,WF,S,20170412,20170511,N,,,,,,,0,JPMBB13C17,,,,,
JPMBB13C17,,883100166,52,20170517,4884841.76,4878119.18,20170506,,0.049,20181106,0.000513,,,,,0.000005,0.048482,,,,,19946.44,6722.58,26669.02,,0,,,,,,0,,0,4878119.18,0,0,0,0,N,,,,,,,,,,,1506915,893378,613537,289960,2.1159,0.93,20151231,1409740,818183,591557,249645,2.3695,0.94,20141231,1204776,615644,589132,240021,2.4545,0.9,20160101,20160930,20130828,6870000,,,,,,,YN,,20131230,20131230,1,,,,CREFC,,573537,1.9779,551557,2.2093,559132,2.3295,N,,,,,0,22474.09,,0,0,0,,N,,5025000,S2,,,,,,,,,,,0,,,,0,,,,,WF,S,20170412,20170511,N,,,,,,,0,JPMBB13C17,,,,,
JPMBB13C17,,301410053,53,20170517,4573449.72,4566969.52,20170505,,0.0527,20231205,0.000788,,,,,0.000005,0.051907,,,,,20085.07,6480.2,26565.27,,0,,,,,,0,,0,4566969.52,0,0,0,0,N,,,,,,,,,,,786810,282642,504168,318783,1.5815,1,20161231,,,,,,,,,,,,,,,,20131007,6910000,,,,,,,YN,,20131230,20131230,1,,,,CREFC,,495768,1.5551,,,,,N,,,,,0,24034.85,,0,0,0,,N,,4800000,N,,,,,,,,,,,0,,,,0,,,,,WF,S,20170412,20170511,N,,,,,,,0,JPMBB13C17,,,,,
JPMBB13C17,,883100183,54,20170517,4094317.76,4088448.03,20170506,,0.052,20231206,0.000113,,,,,0.000005,0.051882,,,,,17742.04,5869.73,23611.77,,0,,,,,,0,,0,4088448.03,0,0,0,0,N,,,,,,,,,,,1192735,367296,825439,283341,2.9132,0.85,20161231,1053063,334313,718750,283341,2.5366,0.88,20151231,287245,87987,199258,70835,2.8129,0.85,20170101,20170331,20131009,7700000,,,,,,,YN,,20131230,20131230,1,,,,CREFC,,819168,2.8911,712479,2.5145,197690,2.7908,N,,,,,0,21440.53,,0,0,0,,N,,4300000,S1,,,,,,,,,,,0,,,,0,,,,,WF,S,20170412,20170511,N,,,,,,,0,JPMBB13C17,,,,,
JPMBB13C17,,301410055,55,20170517,3981028.26,3975536.27,20170501,,0.0526,20231101,0.000113,,,,,0.000005,0.052482,,,,,17450.17,5491.99,22942.16,,0,,,,,,0,,0,3975536.27,0,0,0,0,N,,,,,,,,,,,1098818,385626,713192,275306,2.5905,0.9,20161231,861942,342038,519904,275306,1.8884,0.9,20151231,334082,111579,222503,68826,3.2328,0.94,20170101,20170331,20130809,5700000,,,,,,,YN,,20131230,20131230,1,,,,CREFC,20160502,702315,2.551,509027,1.8489,219784,3.1933,N,,,,,0,38461.5,,0,0,0,,N,,4150000,N,,,,,,,,,,,0,,,,0,,,,,WF,S,20170412,20170511,N,,,,,,,0,JPMBB13C17,,,,,
JPMBB13C17,,883100168,56,20170517,3951618.31,3946180.04,20170506,,0.049,20181106,0.000513,,,,,0.000005,0.048482,,,,,16135.77,5438.27,21574.04,,0,,,,,,0,,0,3946180.04,0,0,0,0,N,,,,,,,,,,,1323025,762527,560498,234565,2.3895,0.93,20151231,1213009,712944,500065,201951,2.4761,0.99,20141231,1069740,560037,509703,194166,2.625,0.94,20160101,20160930,20130828,5440000,,,,,,,YN,,20131230,20131230,1,,,,CREFC,,524498,2.236,464065,2.2979,482703,2.486,N,,,,,0,48643.62,,0,0,0,,N,,4065000,S1,,,,,,,,,,,0,,,,0,,,,,WF,S,20170412,20170511,N,,,,,,,0,JPMBB13C17,,,,,
JPMBB13C17,,301410057,57,20170517,3529678.48,3524785.39,20170501,,0.054,20231201,0.000113,,,,,0.000005,0.053882,,,,,15883.55,4893.09,20776.64,,0,,,,,,0,,0,3524785.39,0,0,0,0,N,,,,,,,,,,,705422,243160,462262,249319,1.854,0.91,20161231,688036,231812,456224,249319,1.8298,0.87,20151231,183654,56204,127450,62330,2.0447,0.91,20170101,20170331,20131015,6150000,,,,,,,YN,,20131230,20131230,1,,,,CREFC,,416737,1.6715,410699,1.6472,116069,1.8621,N,,,,,2.45,91064.15,,0,0,0,,N,,3700000,S2,,,,,,,,,,,0,,,,0,,,,,WF,S,20170412,20170511,N,,,,,,,0,JPMBB13C17,,,,,
JPMBB13C17,,883100154,37,20170517,3442229.02,3435362.98,20170506,,0.0562,20230906,0.000113,,,,,0.000005,0.056082,,,,,16121.11,6866.04,22987.15,,0,,,,,,0,,0,3435362.98,0,0,0,0,N,,,,,,,,,,,1368145,876769,491376,275846,1.7813,0.98,20161231,1380826,903144,477682,275846,1.7316,0.98,20151231,,,,,,,,,20130814,5800000,,,,,,,,,20131230,20131230,1,,,,CREFC,,419376,1.5203,405682,1.4706,,,N,,,,,0,111890.13,,0,0,0,,N,,3700000,S1,,,,,,,,,,,0,,,,0,,,,,WF,S,20170412,20170511,N,,,,,,,0,JPMBB13C17,,,,,
JPMBB13C17,,883100149,58,20170517,3207587.17,3201140.69,20170506,,0.055625,20230906,0.000113,,,,,0.000005,0.055507,,,,,14868.5,6446.48,21314.98,,0,,,,,,0,,0,3201140.68,0,0,0,0,N,,,,,,,,,,,1047061,568696,478365,255780,1.8702,0.94,20161231,1024268,598386,425882,255780,1.665,0.99,20151231,,,,,,,,,20130725,5300000,,,,,,,,,20131230,20131230,1,,,,CREFC,,420765,1.645,368282,1.4398,,,N,,,,,0,38332.28,20150911,0,0,0,,N,,3450000,S1,,,,,,,,,,,0,,,,0,,,,,WF,S,20170412,20170511,N,,,,,,,0,JPMBB13C17,,,,,
JPMBB13C17,,301410060,60,20170517,3149262.36,3144926.02,20170501,,0.0544,20231201,0.000113,,,,,0.000005,0.054282,,,,,14276.66,4336.34,18613,,0,,,,,,0,,0,3144926.02,0,0,0,0,N,,,,,,,,,,,624894,282455,342439,223356,1.5331,0.98,20161231,667011,264807,402204,223356,1.8007,0.89,20151231,,,,,,,,,20131004,4500000,,,,,,,,,20131230,20131230,1,,,,CREFC,,308039,1.3791,367804,1.6467,,,N,,,,,0,52873.65,,0,0,0,,N,,3300000,S2,,,,,,,,,,,0,,,,0,,,,,WF,S,20170412,20170511,N,,,,,,,0,JPMBB13C17,,,,,
JPMBB13C17,,883100163,59,20170517,3124557.45,3118407.56,20170506,,0.0567,20231006,0.000113,,,,,0.000005,0.056582,,,,,14763.53,6149.89,20913.42,,0,,,,,,0,,0,3118407.57,0,0,0,0,N,,,,,,,,,,,2359355,1481591,877764,250961,3.4976,0.78,20151231,2118289,1444870,673419,250961,2.6833,0.73,20141231,507243,339917,167326,62740,2.6669,0.78,20160101,20160331,20130726,6500000,,,,,,,YN,,20131230,20131230,1,,,,CREFC,,807463,3.2174,603118,2.4032,149751,2.3868,N,,,,,0,203554.56,,0,0,0,,N,,3350000,S2,,,,,,,,,,,0,,,,0,,,,,WF,S,20170412,20170511,N,,,,,,,0,JPMBB13C17,,,,,
JPMBB13C17,,883100165,61,20170517,2802582.8,2798335.74,20170506,,0.049,20181106,0.000113,,,,,0.000005,0.048882,,,,,11443.88,4247.06,15690.94,,0,,,,,,0,,0,2798335.74,0,0,0,0,N,,,,,,,,,,,642532,255193,387339,188291,2.0571,0.92,20161231,614569,206635,407934,188291,2.1665,0.89,20151231,655565,259074,396491,188291,2.1057,0.95,20160401,20170331,20130730,4050000,,,,,,,TN,,20131230,20131230,1,,,,CREFC,20150507,379006,2.0128,399601,2.1222,388158,2.0614,N,,,,,0,0.9,,0,0,0,,N,,2956500,S2,,,,,,,,,,,0,,,,0,,,,,WF,S,20170412,20170511,N,,,,,,,0,JPMBB13C17,,,,,
JPMBB13C17,,301410062,62,20170517,2646200.94,2641999.05,20170501,,0.0474,20230701,0.000113,,,,,0.000005,0.047282,,,,,10452.49,4201.89,14654.38,,0,,,,,,0,,0,2641999.05,0,0,0,0,N,,,,,,,,,,,942807.38,513857.85,428949.53,175852,2.4392,0.99,20161231,904939,542599,362340,175852,2.0604,0.97,20151231,,,,,,,,,20130425,3780000,,,,,,,,,20131230,20131230,1,,,,CREFC,,401949.53,2.2857,335340,1.9069,,,N,,,,,56.55,22645.9,20151013,0,0,0,,N,,2812500,S2,,,,,,,,,,,0,,,,0,,,,,WF,S,20170412,20170511,N,,,,,,,0,JPMBB13C17,,,,,
JPMBB13C17,,301410063,63,20170517,2570965.51,2567409.81,20170501,,0.0548,20231001,0.000113,,,,,0.000005,0.054682,,,,,11740.74,3555.7,15296.44,,0,,,,,,0,,0,2567409.81,0,0,0,0,N,,,,,,,,,,,485739,113152,372587,183557,2.0298,1,20161231,443726,129881,313845,183557,1.7097,1,20151231,115410,33282,82128,45889,1.7897,1,20170101,20170331,20130617,3600000,,,,,,,YN,,20131230,20131230,1,,,,CREFC,,341389,1.8598,282647,1.5398,74329,1.6197,N,,,,,0,111794.41,,0,0,0,,N,,2700000,S1,,,,,,,,,,,0,,,,0,,,,,WF,S,20170412,20170511,N,,,,,,,0,JPMBB13C17,,,,,
JPMBB13C17,,301410064,64,20170517,2004447.19,2001696.5,20170501,,0.0546,20231201,0.000113,,,,,0.000005,0.054482,,,,,9120.23,2750.69,11870.92,,0,,,,,,0,,0,2001696.5,0,0,0,0,N,,,,,,,,,,,367149,98230,268919,142451,1.8878,1,20161231,367148,99376,267772,142451,1.8797,1,20151231,91788,23399,68389,35612,1.9203,1,20170101,20170331,20130626,2800000,,,,,,,YN,,20131230,20131230,1,,,,CREFC,,227751,1.5988,226604,1.5907,58097,1.6313,N,,,,,12.68,143857.47,,0,0,0,,N,,2100000,S2,,,,,,,,,,,0,,,,0,,,,,WF,S,20170412,20170511,N,,,,,,,0,JPMBB13C17,,,,,
JPMBB13C17,,301410021,21,20161216,0,0,,,,,,,,,,,,,,,,,,,,,,20161205,,,9,,,,,,,,,N,,,,,,,,,,,,,,,,,,,,,,,,,,,,,,,,,,,,,,,,,,,,,,,,,,,,,,,,,,,,,,,,,0,,0,,,,,,,,,,,,,,,,,,,,,,,,,,,20170412,20170511,,,,,,,,,,,,,,
