JPMBB13C17,,301171001,3,20150617,90000000,90000000,20150601,,0.0483334,20231101,0.000113,,,,,0.000005,0.0482154,,,,,374583.85,0,374583.85,,,,,,,,,,,90000000,0,0,0,0,N,,,,,,,,,,,21761731,7957924.8,13803806.2,11026056.49,1.25,0.97,20141231,20880780,5596330,15284450,11026057,1.39,0.99,20131231,5483836,1816893,3666943,2718754,1.35,0.94,20150101,20150331,20130910,365000000,,,,,,,YN,,20131230,20131230,1,,,,CMSA,,13741806.2,1.25,15222450,1.38,3651443,1.34,X,,,,,,,,,,,,N,,225000000,H,,,,,,,,,,,,,,,,,,,,WF,S
JPMBB13C17,,301410001,1,20150617,117411669.3,117254586,20150601,,0.04366,20240101,0.000113,,,,,0.000005,0.043542,,,,,441422.22,157083.25,598505.47,,,,,,,,,,,117254586,0,0,0,0,N,,,,,,,,,,,32883064,11451799,21431265,13167121,1.63,0.98,20141231,33327307,10380496,22946811,13167121,1.74,0.98,20131231,7854303,2604244,5250059,3291780,1.59,0.93,20150101,20150331,20131115,366000000,,,,,,,YN,,20131230,20131230,1,,,,CMSA,,20531563,1.56,22047109,1.67,5025134,1.53,X,,,,,,,,,,,,N,,220000000,S2,,,,,,,,,,,,,,,,,,,,WF,S
JPMBB13C17,,301410002,2,20150617,93900000,93900000,20150601,,0.049127,20231101,0.000213,,,,,0.000005,0.048909,,,,,397232.73,0,397232.73,,,,,,,,,,,93900000,0,0,0,0,N,,,,,,,,,,,11708936,2077209,9631727,4677091,2.06,1,20141231,,,,,,,,,,,,,,,,,125500000,,,,,,,,,20131230,20131230,7,,,,CMSA,,8665319,1.85,,,,,X,,,,,727.15,465355.74,,,,,,N,,93900000,H,,,,,,,,,,,,,,,,,,,,WF,S
JPMBB13C17,,301410004,4,20150617,73125000,73125000,20150601,,0.0487,20231201,0.000113,,,,,0.000005,0.048582,,,,,306657.81,0,306657.81,,,,,,,,,,,73125000,0,0,0,0,N,,,,,,,,,,,14621821,5699510,8922311,3610648,2.47,0.86,20141231,,,,,,,,,,,,,,,,20131015,123000000,,,,,,,,,20131230,20131230,1,,,,CMSA,,7372385,2.04,,,,,N,,,,,,2315508.17,,,,,,N,,73125000,H,,,,,,,,,,,,,,,,,,,,WF,S
JPMBB13C17,,301410007,7,20150617,31000000,31000000,20150601,,0.0492,20231101,0.000413,,,,,0.000005,0.048782,,,,,131336.67,0,131336.67,,,,,,,,,,,31000000,0,0,0,0,N,,,,,,,,,,,3251572,803278,2448294,1546383,1.58,1,20141231,,,,,,,,,,,,,,,,20130918,51000000,,,,,,,,,20131230,20131230,1,,,,CMSA,,2310988,1.49,,,,,X,,,,,4.92,60545.52,,,,,,N,,31000000,S1,,,,,,,,,,,,,,,,,,,,WF,S
JPMBB13C17,,301410008,8,20150617,30000000,30000000,20150601,,0.049875,20231201,0.000313,,,,,0.000005,0.049557,,,,,128843.75,0,128843.75,,,,,,,,,,,30000000,0,121072.61,0,0,N,,,,,,,,,,,4868845,2067137,2801708,1517031,1.85,0.89,20141231,,,,,,,,,,,,,,,,20131009,39000000,,,,,,,,,20131230,20131230,1,,,,CMSA,,2525705,1.66,,,,,X,,,,,1529.1,5025180.35,20150611,,,,,N,,30000000,S2,,,,,,,,,,,,,,,,,,,,WF,S
JPMBB13C17,,301410009,9,20150617,29336678.15,29301015.68,20150601,,0.048675,20231101,0.000113,,,,,0.000005,0.048557,,,,,122963.46,35662.47,158625.93,,,,,,,,,,,29301015.68,0,0,0,0,N,,,,,,,,,,,4995104,2540764,2454340,1903511,1.29,0.83,20141231,,,,,,,,1410366,538463,871903,475877,1.83,0.83,20150101,20150331,20130918,43000000,,,,,,,YN,,20131230,20131230,1,,,,CMSA,20150410,2164366,1.14,,,799410,1.68,X,,,,,165.06,573863.2,,,,,,N,,30000000,S1,,,,,,,,,,,,,,,,,,,,WF,S
JPMBB13C17,,301410010,10,20150617,10005000,10005000,20150601,,0.05,20231101,0.000588,,,,,0.000005,0.049407,,,,,43077.08,0,43077.08,,,,,,,,,,,10005000,0,0,0,0,N,,,,,,,,,,,2782658,1507592,1275066,507197,2.51,0.94,20141231,,,,,,,,719569,382520,337049,125062,2.7,0.97,20150101,20150331,20130918,17300000,,,,,,,YN,,20131230,20131230,1,,,,CMSA,,1123183,2.21,,,299078,2.39,X,,,,,50.84,154253.8,,,,,,N,,10005000,S1,,,,,,,,,,,,,,,,,,,,WF,S
JPMBB13C17,,301410011,11,20150617,9305000,9305000,20150601,,0.05,20231101,0.000588,,,,,0.000005,0.049407,,,,,40063.19,0,40063.19,,,,,,,,,,,9305000,0,0,0,0,N,,,,,,,,,,,2652848,1409019,1243829,471712,2.64,0.94,20141231,,,,,,,,693401,348905,344496,117928,2.92,0.97,20150101,20150331,20130918,17400000,,,,,,,YN,,20131230,20131230,1,,,,CMSA,,1122741,2.38,,,314224,2.66,X,,,,,38.58,114005,,,,,,N,,9305000,S1,,,,,,,,,,,,,,,,,,,,WF,S
JPMBB13C17,,301410012,12,20150617,8940000,8940000,20150601,,0.05,20231101,0.000588,,,,,0.000005,0.049407,,,,,38491.67,0,38491.67,,,,,,,,,,,8940000,0,0,0,0,N,,,,,,,,,,,2440247,1273716,1166531,453209,2.57,0.97,20141231,,,,,,,,654884,311696,343188,111750,3.07,0.94,20150101,20150331,20130918,15200000,,,,,,,YN,,20131230,20131230,1,,,,CMSA,,1067612,2.36,,,318458,2.85,X,,,,,35.31,103976.4,,,,,,N,,8940000,S1,,,,,,,,,,,,,,,,,,,,WF,S
JPMBB13C17,,301410013,13,20150617,25375000,25375000,20150601,,0.0474,20231201,0.000113,,,,,0.000005,0.047282,,,,,103572.29,0,103572.29,,,,,,,,,,,25375000,0,0,0,0,N,,,,,,,,,,,5532300,2183805,3348495,1219480,2.75,0.92,20141231,,,,,,,,1286114,499808,786306,300694,2.61,0.89,20150101,20150331,20131010,39600000,,,,,,,YN,,20131230,20131230,1,,,,CMSA,,2796171,2.29,,,648226,2.16,N,,,,,,1394114.45,,,,,,N,,25375000,S2,,,,,,,,,,,,,,,,,,,,WF,S
JPMBB13C17,,301410018,18,20150617,16000000,16000000,20150601,,0.0482,20231101,0.000113,,,,,0.000005,0.048082,,,,,66408.89,0,66408.89,,,,,,,,,,,16000000,0,0,0,0,N,,,,,,,,,,,2698871,538289,2160582,781912,2.76,1,20141231,,,,,,,,699075,136403,562672,192800,2.92,1,20150101,20150331,20130926,29000000,,,,,,,YN,,20131230,20131230,1,,,,CMSA,20140528,2006456,2.57,,,524141,2.72,N,,,,,,,,,,,,N,,16000000,H,,,,,,,,,,,,,,,,,,,,WF,S
JPMBB13C17,,301410019,19,20150617,15000000,15000000,20150601,,0.048475,20231101,0.000113,,,,,0.000005,0.048357,,,,,62613.54,0,62613.54,,,,,,,,,,,15000000,0,0,0,0,N,,,,,,,,,,,3319421,1757755,1561666,737224,2.12,0.95,20141231,,,,,,,,868735,465425,403310,181781,2.22,0.97,20150101,20150331,20130822,22700000,,,,,,,YN,,20131230,20131230,1,,,,CMSA,,1456666,1.98,,,377060,2.07,X,,,,,,50562.73,,,,,,N,,15000000,S2,,,,,,,,,,,,,,,,,,,,WF,S
JPMBB13C17,,301410020,20,20150617,14376225.41,14359886.31,20150601,,0.0512,20240101,0.000113,,,,,0.000005,0.051082,,,,,63383.18,16339.1,79722.28,,,,,,,,,,,14359886.31,0,0,0,0,N,,,,,,,,,,,2462785,862726,1600059,937368,1.71,1,20141231,,,,,,,,642853,219075,423778,234342,1.81,1,20150101,20150331,20131111,19940000,,,,,,,YN,,20131230,20131230,1,,,,CMSA,,1581059,1.69,,,419028,1.79,N,,,,,,32621.39,,,,,,N,,14650000,N,,,,,,,,,,,,,,,,,,,,WF,S
JPMBB13C17,,301410021,21,20150617,14002749.81,13986286.41,20150605,,0.0502,20231105,0.000513,,,,,0.000005,0.049682,,,,,60530.78,16463.4,76994.18,,,,,,,,,,,13986286.41,0,0,0,0,N,,,,,,,,,,,2563502,1166896,1396606,923930,1.51,0.96,20141231,,,,,,,,,,,,,,,,20131010,19100000,,,,,,,,,20131230,20131230,1,,,,CMSA,,1325606,1.43,,,,,X,,,,,245.7,74566.63,,,,,,N,,14310000,S2,,,,,,,,,,,,,,,,,,,,WF,S
JPMBB13C17,,301410024,24,20150617,12725299.95,12710608.88,20150601,,0.051024,20231101,0.000113,,,,,0.000005,0.050906,,,,,55911.57,14691.07,70602.64,,,,,,,,,,,12710608.88,0,0,0,0,N,,,,,,,,,,,3212803,1758063,1454740,847231,1.72,0.83,20141231,,,,,,,,791306,405204,386102,211807,1.82,0.78,20150101,20150331,20130924,18100000,,,,,,,YN,,20131230,20131230,1,,,,CMSA,,1130941,1.33,,,305153,1.44,N,,,,,8.49,629427.64,,,,,,N,,13000000,H,,,,,,,,,,,,,,,,,,,,WF,S
JPMBB13C17,,301410026,26,20150617,11564937.47,11551624.87,20150601,,0.050875,20231201,0.000113,,,,,0.000005,0.050757,,,,,50664.87,13312.6,63977.47,,,,,,,,,,,11551624.87,0,0,0,0,N,,,,,,,,,,,3978461,2560729,1417732,767729,1.85,0.71,20141231,,,,,,,,3963089,2599525.67,1363563.33,767729,1.78,0.73,20140401,20150331,20131001,19000000,,,,,,,TN,,20131230,20131230,1,,,,CMSA,,1265838,1.65,,,1211669.33,1.58,X,,,,,,235974.91,,,,,,N,,11800000,S1,,,,,,,,,,,,,,,,,,,,WF,S
JPMBB13C17,,301410027,27,20150617,11356561.89,11341826.12,20150601,,0.04563,20181101,0.000113,,,,,0.000005,0.045512,,,,,44622.77,14735.77,59358.54,,,,,,,,,,,11341826.12,0,0,0,0,N,,,,,,,,,,,2390304,1897928,492376,712302,0.69,0.91,20141231,,,,,,,,833801,402834,430967,178075,2.42,0.91,20150101,20150331,20130619,15700000,,,,,,,YN,,20131230,20131230,1,,,,CMSA,,340270,0.48,,,392941,2.21,N,,,,,10.09,306619.5,20140911,,,,,N,,11629000,S2,,,,,,,,,,,,,,,,,,,,WF,S
JPMBB13C17,,301410028,28,20150617,11262404.26,11248891.78,20150601,,0.049,20231201,0.000113,,,,,0.000005,0.048882,,,,,47521.09,13512.48,61033.57,,,,,,,,,,,11248891.78,0,0,0,0,N,,,,,,,,,,,1260191,196054,1064137,732402,1.45,1,20141231,,,,,,,,305764,47623,258141,183100,1.41,1,20150101,20150331,20130924,17080000,,,,,,,YN,,20131230,20131230,1,,,,CMSA,,1005274,1.37,,,243426,1.33,N,,,,,38.01,108370.25,,,,,,N,,11500000,S1,,,,,,,,,,,,,,,,,,,,WF,S
JPMBB13C17,,301410029,29,20150617,10978739.38,10966220.96,20150605,,0.0513,20231205,0.000113,,,,,0.000005,0.051182,,,,,48498.58,12518.42,61017,,,,,,,,,,,10966220.96,0,0,0,0,N,,,,,,,,,,,,,,,,,,,,,,,,,2982614,1848952,1133662,549153,2.06,0.76,20140101,20140930,20131031,16500000,,,,,,,YN,,20131230,20131230,1,,,,CMSA,,,,,,1021006,1.86,N,,,,,,751705.03,,,,,,N,,11200000,S2,,,,,,,,,,,,,,,,,,,,WF,S
JPMBB13C17,,301410030,30,20150617,10267057.83,10254529.42,20150605,,0.0485,20231105,0.000413,,,,,0.000005,0.048082,,,,,42879.23,12528.41,55407.64,,,,,,,,,,,10254529.42,0,0,0,0,N,,,,,,,,,,,2051009,977523,1073486,664892,1.61,0.93,20141231,,,,,,,,537153,235616,301537,166223,1.81,0.93,20150101,20150331,20131009,14500000,,,,,,,YN,,20131230,20131230,1,,,,CMSA,,1015486,1.53,,,287037,1.73,X,,,,,2.57,67642.98,,,,,,N,,10500000,S2,,,,,,,,,,,,,,,,,,,,WF,S
JPMBB13C17,,301410031,31,20150617,9875910.39,9858079.67,20150601,,0.04722,20200731,0.000113,,,,,0.000005,0.047102,,,,,40157.1,17830.72,57987.82,,,,,,,,,,,9858079.67,0,0,0,0,N,,,,,,,,,,,2119633,915169,1204464,695854,1.73,0.97,20141231,,,,,,,,626792,213734,413058,173964,2.37,0.97,20150101,20150331,20130908,14040000,,,,,,20181101,YN,,20131230,20131230,1,,,,CMSA,,1017224,1.46,,,366248,2.11,N,,,,,66.25,309741.35,,,,,,N,,10200000,H,,,,,,,,,,,,,,,,,,,,WF,S
JPMBB13C17,,301410033,33,20150617,9750000,9750000,20150601,,0.052,20231201,0.000113,,,,,0.000005,0.051882,,,,,43658.33,0,43658.33,,,,,,,,,,,9750000,0,0,0,0,N,,,,,,,,,,,1491914,565530,926384,514041,1.8,0.94,20141231,,,,,,,,391866,173048,218818,126750,1.73,0.95,20150101,20150331,20130822,13000000,,,,,,,YN,,20131230,20131230,1,,,,CMSA,,887124,1.73,,,209003,1.65,N,,,,,,58923.02,20141211,,,,,N,,9750000,S2,,,,,,,,,,,,,,,,,,,,WF,S
JPMBB13C17,,301410035,35,20150617,9263311.26,9252748.84,20150605,,0.0513,20231205,0.000688,,,,,0.000005,0.050607,,,,,40920.68,10562.42,51483.1,,,,,,,,,,,9252748.84,0,0,0,0,N,,,,,,,,,,,1126912,254233,872679,617797,1.41,0.91,20141231,,,,,,,,,,,,,,,,20131022,12800000,,,,,,,,,20131230,20131230,1,,,,CMSA,,781687,1.27,,,,,N,,,,,,447220.88,,,,,,N,,9450000,N,,,,,,,,,,,,,,,,,,,,WF,S
JPMBB13C17,,301410038,38,20150617,9000000,9000000,20150605,,0.0496,20231205,0.000313,,,,,0.000005,0.049282,,,,,38440,0,38440,,,,,,,,,,,9000000,0,0,0,0,N,,,,,,,,,,,862923,197467,665456,452600,1.47,1,20141231,,,,,,,,,,,,,,,,20131125,12200000,,,,,,,,,20131230,20131230,1,,,,CMSA,,655133,1.45,,,,,N,,,,,2.08,15488.34,,,,,,N,,9000000,S2,,,,,,,,,,,,,,,,,,,,WF,S
JPMBB13C17,,301410039,39,20150617,8700000,8700000,20150601,,0.0506,20231001,0.000113,,,,,0.000005,0.050482,,,,,37907.83,0,37907.83,,,,,,,,,,,8700000,0,0,0,0,N,,,,,,,,,,,1726075,653259,1072816,446334,2.4,0.9,20141231,,,,,,,,,,,,,,,,20130910,14600000,,,,,,,,,20131230,20131230,1,,,,CMSA,,1043816,2.34,,,,,X,,,,,,202091.45,,,,,,N,,8700000,S2,,,,,,,,,,,,,,,,,,,,WF,S
JPMBB13C17,,301410042,42,20150617,8039588.66,8030523.85,20150605,,0.0518,20231205,0.000488,,,,,0.000005,0.051307,,,,,35861.03,9064.81,44925.84,,,,,,,,,,,8030523.85,0,0,0,0,N,,,,,,,,,,,1285002,410489,874513,539110,1.62,0.92,20141231,,,,,,,,,,,,,,,,20131022,11400000,,,,,,,,,20131230,20131230,1,,,,CMSA,,874513,1.62,,,,,N,,,,,,,,,,,,N,,8200000,N,,,,,,,,,,,,,,,,,,,,WF,S
JPMBB13C17,,301410045,45,20150617,7349497.04,7340966.02,20150605,,0.0505,20231205,0.000713,,,,,0.000005,0.049782,,,,,31960.1,8531.02,40491.12,,,,,,,,,,,7340966.02,0,0,0,0,N,,,,,,,,,,,1189971,392320,797651,485893,1.64,0.86,20141231,,,,,,,,277168,104884,172284,121473,1.42,0.99,20150101,20150331,20131104,10500000,,,,,,,YN,,20131230,20131230,1,,,,CMSA,,727331,1.5,,,154704,1.27,N,,,,,0.12,218457.13,,,,,,N,,7500000,S2,,,,,,,,,,,,,,,,,,,,WF,S
JPMBB13C17,,301410046,46,20150617,7035729.32,7027327.69,20150601,,0.04974,20231001,0.000113,,,,,0.000005,0.049622,,,,,30135.2,8401.63,38536.83,,,,,,,,,,,7027327.69,0,0,0,0,N,,,,,,,,,,,2130824,1216901,913923,462442,1.98,0.53,20141231,,,,,,,,,,,,,,,,20130701,12750000,,,,,,,,,20131230,20131230,1,,,,CMSA,,825618,1.79,,,,,X,,,,,3.41,130550.92,,,,,,N,,7200000,S2,,,,,,,,,,,,,,,,,,,,WF,S
JPMBB13C17,,301410047,47,20150617,6959461.22,6951507.97,20150601,,0.0512,20231201,0.000113,,,,,0.000005,0.051082,,,,,30683.49,7953.25,38636.74,,,,,,,,,,,6951507.97,0,0,0,0,N,,,,,,,,,,,1315971,563231,752740,463641,1.62,0.89,20141231,,,,,,,,328730,118088,210642,115911,1.82,0.89,20150101,20150331,20130620,12100000,,,,,,,YN,,20131230,20131230,1,,,,CMSA,,734848,1.58,,,206169,1.78,N,,,,,,113038,,,,,,N,,7100000,S2,,,,,,,,,,,,,,,,,,,,WF,S
JPMBB13C17,,301410048,48,20150617,6851665.89,6844142.17,20150601,,0.0535,20231001,0.000113,,,,,0.000005,0.053382,,,,,31565.24,7523.72,39088.96,,,,,,,,,,,6844142.17,0,0,0,0,N,,,,,,,,,,,1244737,303363,941374,469067,2.01,1,20141231,,,,,,,,,,,,,,,,20130409,10900000,,,,,,,,,20131230,20131230,1,,,,CMSA,,910374,1.94,,,,,N,,,,,4.52,51699.88,,,,,,N,,7000000,S2,,,,,,,,,,,,,,,,,,,,WF,S
JPMBB13C17,,301410049,49,20150617,6736731.45,6727892,20150601,,0.0451,20181101,0.000113,,,,,0.000005,0.044982,,,,,26162.85,8839.45,35002.3,,,,,,,,,,,6727892,0,0,0,0,N,,,,,,,,,,,1206943,659549,547394,420028,1.3,0.81,20141231,,,,,,,,,,,,,,,,20130723,9600000,,,,,,,,,20131230,20131230,1,,,,CMSA,,510473,1.22,,,,,X,,,,,12.46,16941.65,,,,,,N,,6900000,SH,,,,,,,,,,,,,,,,,,,,WF,S
JPMBB13C17,,301410050,50,20150617,5485702.81,5479616.93,20150601,,0.0528,20231101,0.000113,,,,,0.000005,0.052682,,,,,24941.66,6085.88,31027.54,,,,,,,,,,,5479616.93,0,0,0,0,N,,,,,,,,,,,893789,296437,597352,372330,1.6,0.97,20141230,,,,,,,,,,,,,,,,20130827,7200000,,,,,,,,,20131230,20131230,1,,,,CMSA,,572552,1.54,,,,,N,,,,,0.05,25782.65,,,,,,N,,5600000,S2,,,,,,,,,,,,,,,,,,,,WF,S
JPMBB13C17,,301410051,51,20150617,5044059.37,5038412.69,20150601,,0.0524,20231101,0.000113,,,,,0.000005,0.052282,,,,,22759.92,5646.68,28406.6,,,,,,,,,,,5038412.69,0,0,0,0,N,,,,,,,,,,,659352,238307,421045,340879,1.24,1,20140930,,,,,,,,337013,107310,229703,170439,1.35,1,20141001,20150331,20130829,8300000,,,,,,,YN,,20131230,20131230,1,,,,CMSA,,407703,1.2,,,223032,1.31,N,,,,,,779,,,,,,N,,5150000,S2,,,,,,,,,,,,,,,,,,,,WF,S
JPMBB13C17,,301410053,53,20150617,4707753.02,4702551.79,20150605,,0.0527,20231205,0.000788,,,,,0.000005,0.051907,,,,,21364.04,5201.23,26565.27,,,,,,,,,,,4702551.79,0,0,0,0,N,,,,,,,,,,,679568,230344,449224,318783,1.41,1,20141231,,,,,,,,,,,,,,,,20131007,6910000,,,,,,,,,20131230,20131230,1,,,,CMSA,,440824,1.38,,,,,N,,,,,,11907.5,,,,,,N,,4800000,N,,,,,,,,,,,,,,,,,,,,WF,S
JPMBB13C17,,301410055,55,20150617,4094712.13,4090316.74,20150601,,0.0526,20231101,0.000113,,,,,0.000005,0.052482,,,,,18546.77,4395.39,22942.16,,,,,,,,,,,4090316.74,0,0,0,0,N,,,,,,,,,,,781859,318999,462860,252156,1.84,0.94,20141231,,,,,,,,208033,77517,130516,68826,1.9,0.95,20150101,20150331,20130809,5700000,,,,,,,YN,,20131230,20131230,1,,,,CMSA,,451983,1.79,,,127797,1.86,N,,,,,,17399.25,,,,,,N,,4150000,N,,,,,,,,,,,,,,,,,,,,WF,S
JPMBB13C17,,301410057,57,20150617,3630705.24,3626811.38,20150601,,0.054,20231201,0.000113,,,,,0.000005,0.053882,,,,,16882.78,3893.86,20776.64,,,,,,,,,,,3626811.38,0,0,0,0,N,,,,,,,,,,,679170,236121,443049,249320,1.78,0.88,20141231,,,,,,,,172791,55307.75,117483.25,62330,1.88,0.88,20150101,20150331,20131015,6150000,,,,,,,YN,,20131230,20131230,1,,,,CMSA,,397524,1.59,,,106102,1.7,N,,,,,,76009.86,,,,,,N,,3700000,S2,,,,,,,,,,,,,,,,,,,,WF,S
JPMBB13C17,,301410060,60,20150617,3238688.1,3235246.55,20150601,,0.0544,20231201,0.000113,,,,,0.000005,0.054282,,,,,15171.45,3441.55,18613,,,,,,,,,,,3235246.55,0,0,0,0,N,,,,,,,,,,,681018,248713,432305,223356,1.94,0.94,20141231,,,,,,,,174958,61409.25,113548.75,55839,2.03,0.94,20150101,20150331,20131004,4500000,,,,,,,YN,,20131230,20131230,1,,,,CMSA,,397905,1.78,,,104948.75,1.88,N,,,,,,74789.49,,,,,,N,,3300000,S2,,,,,,,,,,,,,,,,,,,,WF,S
JPMBB13C17,,301410062,62,20150617,2734655.41,2731162.98,20150601,,0.0474,20230701,0.000113,,,,,0.000005,0.047282,,,,,11161.95,3492.43,14654.38,,,,,,,,,,,2731162.98,0,0,0,0,N,,,,,,,,,,,857679,560787,296892,175853,1.69,0.96,20141231,,,,,,,,,,,,,,,,20130425,3780000,,,,,,,,,20131230,20131230,1,,,,CMSA,,269892,1.53,,,,,N,,,,,13.78,11326.02,,,,,,N,,2812500,S2,,,,,,,,,,,,,,,,,,,,WF,S
JPMBB13C17,,301410063,63,20150617,2644251.07,2641432.56,20150601,,0.0548,20231001,0.000113,,,,,0.000005,0.054682,,,,,12477.93,2818.51,15296.44,,,,,,,,,,,2641432.56,0,0,0,0,N,,,,,,,,,,,371019,131951,239068,183557,1.3,0.97,20141231,,,,,,,,,,,,,,,,20130617,3600000,,,,,,,,,20131230,20131230,1,,,,CMSA,,207870,1.13,,,,,N,,,,,,51997.4,,,,,,N,,2700000,S2,,,,,,,,,,,,,,,,,,,,WF,S
JPMBB13C17,,301410064,64,20150617,2061139.1,2058958.97,20150601,,0.0546,20231201,0.000113,,,,,0.000005,0.054482,,,,,9690.79,2180.13,11870.92,,,,,,,,,,,2058958.97,0,0,0,0,N,,,,,,,,,,,374888,92741,282147,142452,1.98,1,20141231,,,,,,,,,,,,,,,,20130626,2800000,,,,,,,,,20131230,20131230,1,,,,CMSA,,240979,1.69,,,,,N,,,,,12.68,130813.06,,,,,,N,,2100000,S2,,,,,,,,,,,,,,,,,,,,WF,S
JPMBB13C17,,883100149,58,20150617,3342585.58,3337281.35,20150606,,0.055625,20230906,0.000113,,,,,0.000005,0.055507,,,,,16010.75,5304.23,21314.98,,,,,,,,,,,3337281.34,0,0,0,0,N,,,,,,,,,,,989885,585556,404329,255780,1.58,0.97,20141231,,,,,,,,,,,,,,,,20130725,5300000,,,,,,,,,20131230,20131230,1,,,,CMSA,,346729,1.36,,,,,N,,,,,,59491.32,,,,,,N,,3450000,S1,,,,,,,,,,,,,,,,,,,,WF,S
JPMBB13C17,,883100154,37,20150617,3585831.58,3580197.86,20150606,,0.0562,20230906,0.000113,,,,,0.000005,0.056082,,,,,17353.43,5633.72,22987.15,,,,,,,,,,,3580197.86,0,0,0,0,N,,,,,,,,,,,1326127,905712,420415,275846,1.52,0.98,20141231,,,,,,,,,,,,,,,,20130814,5800000,,,,,,,,,20131230,20131230,1,,,,CMSA,,348415,1.26,,,,,N,,,,,,87970.02,,,,,,N,,3700000,S1,,,,,,,,,,,,,,,,,,,,WF,S
JPMBB13C17,,883100155,36,20150617,5281832.96,5273534.65,20150606,,0.0562,20230906,0.000113,,,,,0.000005,0.056082,,,,,25561.14,8298.31,33859.45,,,,,,,,,,,5273534.65,0,0,0,0,N,,,,,,,,,,,1762740,1173758,588982,406313,1.45,0.98,20141231,,,,,,,,,,,,,,,,20130814,8300000,,,,,,,,,20131230,20131230,1,,,,CMSA,,494582,1.22,,,,,N,,,,,,40313.65,,,,,,N,,5450000,S1,,,,,,,,,,,,,,,,,,,,WF,S
JPMBB13C17,,883100157,25,20150617,11646481.93,11628121.6,20150606,,0.0556,20231006,0.000113,,,,,0.000005,0.055482,,,,,55760.77,18360.33,74121.1,,,,,,,,,,,11628121.59,0,0,0,0,N,,,,,,,,,,,11075163,9491486,1583677,889453,1.78,0.54,20141228,,,,,,,,,,,,,,,,20130816,21600000,,,,,,,,,20131230,20131230,1,,,,CMSA,,1122981,1.26,,,,,N,,,,,,109510.44,20150511,,,,,N,,12000000,S2,,,,,,,,,,,,,,,,,,,,WF,S
JPMBB13C17,,883100162,15,20150617,24070230.44,24043583.35,20150606,,0.0485,20181006,0.000513,,,,,0.000005,0.047982,,,,,100526.64,26647.09,127173.73,,,,,,,,,,,24043583.35,0,0,0,0,N,,,,,,,,,,,6138418,3504935,2633483,1185085,2.22,0.89,20141231,,,,,,,,6322072,3583071,2739001,1185085,2.31,0.89,20140401,20150331,20130826,34350000,,,,,,,YN,,20131230,20131230,1,,,,CMSA,,2433983,2.05,,,2539501,2.14,N,,,,,,513376.19,,,,,,N,,24100000,S1,,,,,,,,,,,,,,,,,,,,WF,S
JPMBB13C17,,883100163,59,20150617,3253004.25,3247973.62,20150606,,0.0567,20231006,0.000113,,,,,0.000005,0.056582,,,,,15882.79,5030.63,20913.42,,,,,,,,,,,3247973.63,0,0,0,0,N,,,,,,,,,,,2118289,1444870,673419,250961,2.68,0.73,20141231,,,,,,,,,,,,,,,,20130726,6500000,,,,,,,,,20131230,20131230,1,,,,CMSA,,603118,2.4,,,,,N,,,,,,119511.46,,,,,,N,,3350000,S1,,,,,,,,,,,,,,,,,,,,WF,S
JPMBB13C17,,883100164,6,20150617,46000000,46000000,20150606,,0.04955,20231106,0.000113,,,,,0.000005,0.049432,,,,,196273.06,0,196273.06,,,,,,,,,,,46000000,0,0,0,0,N,,,,,,,,,,,7143176,2124030,5019146,2310957,2.17,0.98,20141231,,,,,,,,1608343,496437,1111906,569825,1.95,0.99,20150101,20150331,20130924,64600000,,,,,,,YN,,20131230,20131230,1,,,,CMSA,,4686178,2.03,,,1028665,1.81,N,,,,,,1619609.41,,,,,,N,,46000000,S2,,,,,,,,,,,,,,,,,,,,WF,S
JPMBB13C17,,883100165,61,20150617,2891535.86,2888045.59,20150606,,0.049,20181106,0.000113,,,,,0.000005,0.048882,,,,,12200.67,3490.27,15690.94,,,,,,,,,,,2888045.59,0,0,0,0,N,,,,,,,,,,,577882,187519,390363,188291,2.07,0.89,20141231,,,,,,,,144039,48896.84,95142.16,47072.75,2.02,0.92,20150101,20150331,20130730,4050000,,,,,,,YN,,20131230,20131230,1,,,,CMSA,20150501,382030,2.03,,,93058.91,1.98,N,,,,,,0.9,,,,,,N,,2956500,S1,,,,,,,,,,,,,,,,,,,,WF,S
JPMBB13C17,,883100166,52,20150617,5025000,5019533.69,20150606,,0.049,20181106,0.000513,,,,,0.000005,0.048482,,,,,21202.71,5466.31,26669.02,,,,,,,,,,,5019533.69,0,0,0,0,N,,,,,,,,,,,1409740,818183,591557,249645,2.37,0.94,20141231,,,,,,,,367476,199195,168281,61556,2.73,0.97,20150101,20150331,20130828,6870000,,,,,,,YN,,20131230,20131230,1,,,,CMSA,,551557,2.21,,,158281,2.57,N,,,,,,52740.29,,,,,,N,,5025000,S2,,,,,,,,,,,,,,,,,,,,WF,S
JPMBB13C17,,883100167,43,20150617,7875000,7866433.39,20150606,,0.049,20181106,0.000513,,,,,0.000005,0.048482,,,,,33228.12,8566.61,41794.73,,,,,,,,,,,7866433.4,0,0,0,0,N,,,,,,,,,,,2184254,1225249,959005,391234,2.45,0.92,20141231,,,,,,,,,,,,,,,,20130828,10550000,,,,,,,,,20131230,20131230,1,,,,CMSA,,871125,2.23,,,,,N,,,,,,121273.4,,,,,,N,,7875000,S1,,,,,,,,,,,,,,,,,,,,WF,S
JPMBB13C17,,883100168,56,20150617,4065000,4060578,20150606,,0.049,20181106,0.000513,,,,,0.000005,0.048482,,,,,17152.04,4422,21574.04,,,,,,,,,,,4060578,0,0,0,0,N,,,,,,,,,,,1213009,712944,500065,201951,2.48,0.99,20141231,,,,,,,,321195,178191,143004,50487,2.83,0.94,20150101,20150331,20130828,5440000,,,,,,,YN,,20131230,20131230,1,,,,CMSA,,464065,2.3,,,134004,2.65,N,,,,,,50635.25,,,,,,N,,4065000,S1,,,,,,,,,,,,,,,,,,,,WF,S
JPMBB13C17,,883100169,40,20150617,8393273.11,8383251.97,20150606,,0.0495,20231106,0.000613,,,,,0.000005,0.048882,,,,,35776.33,10021.14,45797.47,,,,,,,,,,,8383251.97,0,0,0,0,N,,,,,,,,,,,1306256,548645,757611,549569,1.38,0.9,20141231,,,,,,,,,,,,,,,,20130827,11630000,,,,,,,,,20131230,20131230,1,,,,CMSA,,731582,1.33,,,,,N,,,,,,40795.01,,,,,,N,,8580000,S2,,,,,,,,,,,,,,,,,,,,WF,S
JPMBB13C17,,883100170,34,20150617,9325270.1,9310270.73,20150606,,0.05408,20231106,0.000113,,,,,0.000005,0.053962,,,,,43426.75,14999.37,58426.12,,,,,,,,,,,9310270.73,0,0,0,0,N,,,,,,,,,,,2190201,1053160,1137041,701113,1.62,0.66,20141231,,,,,,,,580365,292666,287699,175278,1.64,0.66,20150101,20150331,20130717,15000000,,,,,,,YN,,20131230,20131230,1,,,,CMSA,,941723,1.34,,,238870,1.36,N,,,,,,129799.47,,,,,,N,,9600000,S1,,,,,,,,,,,,,,,,,,,,WF,S
JPMBB13C17,,883100171,17,20150617,18165592.17,18119032.81,20150606,,0.05121,20231106,0.000113,,,,,0.000005,0.051092,,,,,80105.72,46559.36,126665.08,,,,,,,,,,,18119032.81,0,0,0,0,N,,,,,,,,,,,3214831,1068984,2145847,1519980,1.41,0.98,20141231,,,,,,,,712695,220642,492053,379995,1.29,0.98,20150101,20150331,20130614,28500000,,,,,,,YN,,20131230,20131230,1,,,,CMSA,,1899990,1.25,,,430590,1.13,N,,,,,,294730.84,,,,,,N,,19000000,S1,,,,,,,,,,,,,,,,,,,,WF,S
JPMBB13C17,,883100172,5,20150617,47296601.94,47244417.53,20150606,,0.049655,20231206,0.000113,,,,,0.000005,0.049537,,,,,202233.04,52184.41,254417.45,,,,,,,,,,,47244417.53,0,0,0,0,N,,,,,,,,,,,12773272,6298761,6474511,2395398,2.7,0.85,20141231,,,,,,,,,,,,,,,,20131023,73200000,,,,,,,,,20131230,20131230,1,,,,CMSA,,6016407,2.51,,,,,N,,,,,,1780492.78,,,,,,N,,47580000,S1,,,,,,,,,,,,,,,,,,,,WF,S
JPMBB13C17,,883100173,23,20150617,13331154.62,13316901.5,20150606,,0.05442,20231106,0.000113,,,,,0.000005,0.054302,,,,,62472.01,14253.12,76725.13,,,,,,,,,,,13316901.5,0,0,0,0,N,,,,,,,,,,,2894631,1467952,1426679,920702,1.55,0.96,20141231,,,,,,,,779707,328735,450972,230175,1.96,0.96,20150101,20150331,20131030,23200000,,,,,,,YN,,20131230,20131230,1,,,,CMSA,,1335204,1.45,,,428104,1.86,N,,,,,,421515.51,,,,,,N,,13600000,S1,,,,,,,,,,,,,,,,,,,,WF,S
JPMBB13C17,,883100180,16,20150617,21000000,21000000,20150606,,0.04836,20231206,0.000113,,,,,0.000005,0.048242,,,,,87451,0,87451,,,,,,,,,,,21000000,0,0,0,0,N,,,,,,,,,,,3417828,1570323,1847505,1029665,1.79,0.8,20141231,,,,,,,,898562,376046,522516,253890,2.06,0.88,20150101,20150331,20130916,30000000,,,,,,,YN,,20131230,20131230,1,,,,CMSA,,1611729,1.57,,,463574,1.83,X,,,,,,98580.18,,,,,,N,,21000000,S2,,,,,,,,,,,,,,,,,,,,WF,S
JPMBB13C17,,883100181,14,20150617,24600000,24600000,20150606,,0.04825,20231206,0.000613,,,,,0.000005,0.047632,,,,,102209.58,0,102209.58,,,,,,,,,,,24600000,0,0,0,0,N,,,,,,,,,,,4183461,1458574,2724887,1203435,2.26,0.85,20141231,,,,,,,,,,,,,,,,20131021,40500000,,,,,,,YN,,20131230,20131230,1,,,,CMSA,,2591398,2.15,,,,,X,,,,,,363510.16,,,,,,N,,24600000,S2,,,,,,,,,,,,,,,,,,,,WF,S
JPMBB13C17,,883100182,22,20150617,13525069.51,13509498.83,20150606,,0.05087,20231206,0.000113,,,,,0.000005,0.050752,,,,,59246.19,15570.68,74816.87,,,,,,,,,,,13509498.83,0,0,0,0,N,,,,,,,,,,,3106318,1601454,1504864,897802,1.68,0.94,20141231,,,,,,,,806174,446151,360023,224450,1.6,0.94,20150101,20150331,20131008,18500000,,,,,,,YN,,20131230,20131230,1,,,,CMSA,,1228366,1.37,,,290900,1.3,N,,,,,,417160.47,,,,,,N,,13800000,S2,,,,,,,,,,,,,,,,,,,,WF,S
JPMBB13C17,,883100183,54,20150617,4216212.37,4211479.86,20150606,,0.052,20231206,0.000113,,,,,0.000005,0.051882,,,,,18879.26,4732.51,23611.77,,,,,,,,,,,4211479.86,0,0,0,0,N,,,,,,,,,,,1013479,321427,692052,283341,2.44,0.85,20141231,,,,,,,,259207,74183,185024,70836,2.61,0.85,20150101,20150331,20131009,7700000,,,,,,,YN,,20131230,20131230,1,,,,CMSA,,685781,2.42,,,183457,2.59,N,,,,,,9411.56,,,,,,N,,4300000,S1,,,,,,,,,,,,,,,,,,,,WF,S
JPMBB13C17,,883100184,41,20150617,8325000,8325000,20150606,,0.0519,20231206,0.000113,,,,,0.000005,0.051782,,,,,37205.81,0,37205.81,,,,,,,,,,,8325000,0,0,0,0,N,,,,,,,,,,,1013455,249262,764193,438068,1.74,0.88,20141231,,,,,,,,,,,,,,,,,11100000,,,,,,,,,20131230,20131230,3,,,,CMSA,,744793,1.7,,,,,N,,,,,,29132.92,,,,,,N,,8325000,S1,,,,,,,,,,,,,,,,,,,,WF,S
JPMBB13C17,,883100186,32,20150617,9709853.6,9699133.26,20150606,,0.05273,20231206,0.000113,,,,,0.000005,0.052612,,,,,44088.94,10720.34,54809.28,,,,,,,,,,,9699133.27,0,0,0,0,N,,,,,,,,,,,1602897,605834,997063,657711,1.52,0.93,20141231,,,,,,,,366794,129445,237349,164428,1.44,0.91,20150101,20150331,20131025,13200000,,,,,,,YN,,20131230,20131230,1,,,,CMSA,,876905,1.33,,,207311,1.26,N,,,,,,566320.46,,,,,,N,,9900000,S1,,,,,,,,,,,,,,,,,,,,WF,S
JPMBB13C17,,883100187,44,20150617,7380430.95,7361571.25,20150606,,0.05086,20231206,0.000113,,,,,0.000005,0.050742,,,,,32323.42,18859.7,51183.12,,,,,,,,,,,7361571.25,0,0,0,0,N,,,,,,,,,,,,,,,,,,,,,,,,,758498,183413,575085,460648,1.25,1,20140101,20140930,20131010,11850000,,,,,,,YN,,20131230,20131230,1,,,,CMSA,20150224,,,,,543591,1.18,N,,,,,,50134.33,,,,,,N,,7700000,S2,,,,,,,,,,,,,,,,,,,,WF,S
