JPMBB13C17,,301410001,1,20170417,113642574,113471320.4,20170401,,0.04366,20240101,0.000113,,,,,0.000005,0.043542,,,,,427251.88,171253.59,598505.47,,0,,,,,,0,,0,113471320.4,0,0,0,0,N,,,,,,,,,,,34335056,11571783,22763273,13167120,1.7287,0.95,20161231,32881212,11354670,21526542,13167120,1.6348,0.93,20151231,,,,,,,,,20131115,366000000,,,,,,,,,20131230,20131230,1,,,,CREFC,,21863571,1.6604,20626840,1.5665,,,X,,,,,0,,,0,0,0,,N,,220000000,S2,,,,,,,,,,,0,,,,0,,,,,WF,S,20170314,20170411,N,,,,,,,0,JPMBB13C17,,,,,
JPMBB13C17,,301410002,2,20170417,92087308.99,91977795.86,20170401,,0.049127,20231101,0.000213,,,,,0.000005,0.048909,,,,,389564.36,109513.13,499077.49,,0,,,,,,0,,0,91977795.86,0,0,0,0,N,,,,,,,,,,,12141824,1963547,10178277,5988930,1.6995,1,20161231,11988589,2178753,9809836,4893600,2.0046,1,20151231,,,,,,,,,,125500000,,,,,,,,,20131230,20131230,7,,,,CREFC,,9211869,1.5381,8843428,1.8071,,,X,,,,,727.15,534729.21,,0,0,0,,N,,93900000,H,,,,,,,,,,,0,,,,0,,,,,WF,S,20170314,20170411,N,,,,,,,0,JPMBB13C17,,,,,
JPMBB13C17,,301171001,3,20170417,88235550.11,88128776.02,20170401,,0.0483334,20231101,0.000113,,,,,0.000005,0.0482154,,,,,367240.13,106774.09,474014.22,,0,,,,,,0,,0,88128776.02,0,0,0,0,N,,,,,,,,,,,23100956,8232921,14868035,14220427,1.0455,0.95,20161231,23030082,8148531,14881551,11553417,1.288,0.93,20151231,,,,,,,,,20130910,365000000,,,,,,,YN,,20131230,20131230,1,,,,CREFC,,14806035,1.0411,14819551,1.2826,,,X,,,,,0,,20170213,0,0,0,,N,,225000000,H,,,,,,,,,,,0,,,,0,,,,,WF,S,20170314,20170411,N,,,,,,,0,JPMC13C16,,,,,
JPMBB13C17,,301410004,4,20170417,71797274.93,71711603.16,20170401,,0.0487,20231201,0.000113,,,,,0.000005,0.048582,,,,,301089.85,85671.77,386761.62,,0,,,,,,0,,0,71711603.16,0,0,0,0,N,,,,,,,,,,,14732991,5783379,8949612,4641139,1.9283,0.98,20161231,14392983,5780830,8612153,3610648,2.3852,0.96,20151231,,,,,,,,,20131015,123000000,,,,,,,,,20131230,20131230,1,,,,CREFC,,7399686,1.5943,7062227,1.9559,,,N,,,,,0,1259752.24,,0,0,0,,N,,73125000,H,,,,,,,,,,,0,,,,0,,,,,WF,S,20170314,20170411,N,,,,,,,0,JPMBB13C17,,,,,
JPMBB13C17,,883100172,5,20170417,46015491.2,45957828.96,20170406,,0.049655,20231206,0.000113,,,,,0.000005,0.049537,,,,,196755.21,57662.24,254417.45,,0,,,,,,0,,0,45957828.96,0,0,0,0,N,,,,,,,,,,,13790441,6933965,6856476,3053009,2.2458,0.82,20161231,13056582,6545807,6510775,3053009,2.1325,0.81,20151231,,,,,,,,,20131023,73200000,,,,,,,,,20131230,20131230,1,,,,CREFC,,6398372,2.0957,6052671,1.9825,,,N,,,,,0,661590.65,,0,0,0,,N,,47580000,S1,,,,,,,,,,,0,,,,0,,,,,WF,S,20170314,20170411,N,,,,,,,0,JPMBB13C17,,,,,
JPMBB13C17,,883100164,6,20170417,45775783.45,45725425.42,20170406,,0.04955,20231106,0.000113,,,,,0.000005,0.049432,,,,,195316.37,50358.03,245674.4,,0,,,,,,0,,0,45725425.42,0,0,0,0,N,,,,,,,,,,,7488811,2165060,5323751,2310957,2.3036,0.99,20151231,7143176,2124030,5019146,2310957,2.1718,0.98,20141231,5542490,1735156,3807334,1741132,2.1867,1,20160101,20160930,20130924,64600000,,,,,,,YN,,20131230,20131230,1,,,,CREFC,,4990783,2.1596,4686178,2.0278,3557609,2.0432,N,,,,,0,37903.08,,0,0,0,,N,,46000000,S2,,,,,,,,,,,0,,,,0,,,,,WF,S,20170314,20170411,N,,,,,,,0,JPMBB13C17,,,,,
JPMBB13C17,,301410007,7,20170417,30847924.13,30813714.16,20170401,,0.0492,20231101,0.000413,,,,,0.000005,0.048782,,,,,130692.37,34209.97,164902.34,,0,,,,,,0,,0,30813714.16,0,0,0,0,N,,,,,,,,,,,3686014,934238,2751776,1546383,1.7794,0.83,20151231,3251572,803278,2448294,1546383,1.5832,1,20141231,2849285,660056,2189229,1165083,1.879,0.95,20160101,20160930,20130918,51000000,,,,,,,YN,,20131230,20131230,1,,,,CREFC,,2614470,1.6907,2310988,1.4944,2086250,1.7906,X,,,,,117.17,12792.66,,0,0,0,,N,,31000000,S1,,,,,,,,,,,0,,,,0,,,,,WF,S,20170314,20170411,N,,,,,,,0,JPMBB13C17,,,,,
JPMBB13C17,,301410008,8,20170417,29891224.45,29858783.65,20170401,,0.049875,20231201,0.000313,,,,,0.000005,0.049557,,,,,128376.58,32440.8,160817.38,,0,,,,,,0,,0,29858783.65,0,0,0,0,N,,,,,,,,,,,4752140,2320912,2431228,1521188,1.5982,0.89,20161231,5409637,2686564,2723073,1517031,1.795,0.89,20151231,,,,,,,,,20131009,39000000,,,,,,,,,20131230,20131230,1,,,,CREFC,,2155225,1.4168,2447070,1.613,,,X,,,,,2106.21,1942019.65,,0,0,0,,N,,30000000,S2,,,,,,,,,,,0,,,,0,,,,,WF,S,20170314,20170411,N,,,,,,,0,JPMBB13C17,,,,,
JPMBB13C17,,301410009,9,20170417,28468046.39,28428743.09,20170401,,0.048675,20231101,0.000113,,,,,0.000005,0.048557,,,,,119322.63,39303.3,158625.93,,0,,,,,,0,,0,28428743.09,0,0,0,0,N,,,,,,,,,,,4215205,2201959,2013246,1903511,1.0576,0.77,20151231,4995104,2540764,2454340,1903511,1.2893,0.83,20141231,2810291,1458605,1351686,951755,1.4202,0.8,20160101,20160630,20130918,43000000,,,,,,,YN,,20131230,20131230,1,,,,CREFC,20150410,1723272,0.9053,2164366,1.137,1206698,1.2678,X,,,,,574.48,1165011.15,,0,0,0,,N,,30000000,S1,,,,,,,,,,,0,,,,0,,,,,WF,S,20170314,20170411,N,,,,,,,0,JPMBB13C17,,,,,
JPMBB13C17,,301410013,13,20170417,25375000,25375000,20170401,,0.0474,20231201,0.000113,,,,,0.000005,0.047282,,,,,103572.29,0,103572.29,,0,,,,,,0,,0,25375000,0,0,0,0,N,,,,,,,,,,,4555870,1897065,2658805,1222821,2.1743,0.82,20161231,5202385,2444507,2757878,1219480,2.2615,0.85,20151231,,,,,,,,,20131010,39600000,,,,,,,,,20131230,20131230,1,,,,CREFC,,2106481,1.7226,2205554,1.8086,,,N,,,,,0,847885.93,,0,0,0,,N,,25375000,SH,,,,,,,,,,,0,,,,0,,,,,WF,S,20170314,20170411,N,,,,,,,0,JPMBB13C17,,,,,
JPMBB13C17,,883100181,14,20170417,24149382.68,24120280.34,20170406,,0.04825,20231206,0.000613,,,,,0.000005,0.047632,,,,,100337.33,29102.34,129439.67,,0,,,,,,0,,0,24120280.34,0,0,0,0,N,,,,,,,,,,,3669711,1294883,2374828,1553276,1.5289,0.9,20161231,3604271,1546619,2057652,1203435,1.7098,0.89,20151231,,,,,,,,,20131021,40500000,,,,,,,,,20131230,20131230,1,,,,CREFC,,2241339,1.4429,1924163,1.5988,,,X,,,,,0,56791.8,,0,0,0,,N,,24600000,S2,,,,,,,,,,,0,,,,0,,,,,WF,S,20170314,20170411,N,,,,,,,0,JPMBB13C17,,,,,
JPMBB13C17,,883100162,15,20170417,23417819.98,23388448.17,20170406,,0.0485,20181006,0.000513,,,,,0.000005,0.047982,,,,,97801.92,29371.81,127173.73,,0,,,,,,0,,0,23388448.17,0,0,0,0,N,,,,,,,,,,,7134663,3588341,3546322,1526085,2.3238,0.92,20161231,6823158,3592939,3230219,1410253,2.2905,0.87,20151231,,,,,,,,,20130826,34350000,,,,,,,,,20131230,20131230,1,,,,CREFC,20150721,3346822,2.193,3030719,2.149,,,N,,,,,0,1141429.71,20160613,0,0,0,,N,,24100000,S1,,,,,,,,,,,0,,,,0,,,,,WF,S,20170314,20170411,N,,,,,,,0,JPMBB13C17,,,,,
JPMBB13C17,,883100180,16,20170417,20921707.22,20898195.03,20170406,,0.04836,20231206,0.000113,,,,,0.000005,0.048242,,,,,87124.96,23512.19,110637.15,,0,,,,,,0,,0,20898195.03,0,0,0,0,N,,,,,,,,,,,3881750,1781319,2100431,1029665,2.0399,0.93,20151231,3417828,1570323,1847505,1029665,1.7942,0.8,20141231,3057071,1203382,1853689,775775,2.3894,0.92,20160101,20160930,20130916,30000000,,,,,,,YN,,20131230,20131230,1,,,,CREFC,,1864655,1.8109,1611729,1.5652,1676858,2.1615,X,,,,,0,103860.32,,0,0,0,,N,,21000000,S2,,,,,,,,,,,0,,,,0,,,,,WF,S,20170314,20170411,N,,,,,,,0,JPMBB13C17,,,,,
JPMBB13C17,,883100171,17,20170417,17061303.65,17009874.65,20170406,,0.05121,20231106,0.000113,,,,,0.000005,0.051092,,,,,75236.08,51429,126665.08,,0,,,,,,0,,0,17009874.65,0,0,0,0,N,,,,,,,,,,,3261680,933129,2328551,1519980,1.5319,0.98,20161231,3332506,948332,2384174,1519980,1.5685,0.98,20151231,,,,,,,,,20130614,28500000,,,,,,,,,20131230,20131230,1,,,,CREFC,,2082694,1.3702,2138317,1.4068,,,N,,,,,0,512937.71,,0,0,0,,N,,19000000,S1,,,,,,,,,,,0,,,,0,,,,,WF,S,20170314,20170411,N,,,,,,,0,JPMBB13C17,,,,,
JPMBB13C17,,301410018,18,20170417,16000000,16000000,20170401,,0.0482,20231101,0.000113,,,,,0.000005,0.048082,,,,,66408.89,0,66408.89,,0,,,,,,0,,0,16000000,0,0,0,0,N,,,,,,,,,,,2695848,554554,2141294,784053,2.731,1,20161231,2714565,528468,2186097,781911,2.7958,1,20151231,,,,,,,,,20130926,29000000,,,,,,,,,20131230,20131230,1,,,,CREFC,20140528,1987168,2.5344,2031971,2.5987,,,N,,,,,0,,,0,0,0,,N,,16000000,H,,,,,,,,,,,0,,,,0,,,,,WF,S,20170314,20170411,N,,,,,,,0,JPMBB13C17,,,,,
JPMBB13C17,,301410019,19,20170417,14925431.48,14908602.71,20170401,,0.048475,20231101,0.000113,,,,,0.000005,0.048357,,,,,62302.28,16828.77,79131.05,,0,,,,,,0,,0,14908602.71,0,0,0,0,N,,,,,,,,,,,3617394,1831488,1785906,774299,2.3064,0.95,20161231,3492397,1813750,1678647,737224,2.2769,0.95,20151231,,,,,,,,,20130822,22700000,,,,,,,,,20131230,20131230,1,,,,CREFC,,1680906,2.1708,1573647,2.1345,,,X,,,,,0,26259.26,,0,0,0,,N,,15000000,S2,,,,,,,,,,,0,,,,0,,,,,WF,S,20170314,20170411,N,,,,,,,0,JPMBB13C17,,,,,
JPMBB13C17,,301410020,20,20170417,13974531.08,13956420.95,20170401,,0.0512,20240101,0.000113,,,,,0.000005,0.051082,,,,,61612.15,18110.13,79722.28,,0,,,,,,0,,0,13956420.95,0,0,0,0,N,,,,,,,,,,,2640059,948057,1692002,956667,1.7686,1,20161231,2538372,871188,1667184,956667,1.7427,1,20151231,,,,,,,,,20131111,19940000,,,,,,,,,20131230,20131230,1,,,,CREFC,,1673002,1.7487,1648184,1.7228,,,N,,,,,11.92,67638.13,,0,0,0,,N,,14650000,N,,,,,,,,,,,0,,,,0,,,,,WF,S,20170314,20170411,N,,,,,,,0,JPMBB13C17,,,,,
JPMBB13C17,,883100182,22,20170417,13142842.86,13125597.85,20170406,,0.05087,20231206,0.000113,,,,,0.000005,0.050752,,,,,57571.86,17245.01,74816.87,,0,,,,,,0,,0,13125597.85,0,0,0,0,N,,,,,,,,,,,3281482,1635900,1645582,897802,1.8329,0.97,20161231,3137581,1654697,1482884,897802,1.6516,0.91,20151231,,,,,,,,,20131008,18500000,,,,,,,,,20131230,20131230,1,,,,CREFC,,1369084,1.5249,1206386,1.3437,,,N,,,,,0,350556.01,,0,0,0,,N,,13800000,S2,,,,,,,,,,,0,,,,0,,,,,WF,S,20170314,20170411,N,,,,,,,0,JPMBB13C17,,,,,
JPMBB13C17,,883100173,23,20170417,12976851.28,12960937.84,20170406,,0.05442,20231106,0.000113,,,,,0.000005,0.054302,,,,,60811.69,15913.44,76725.13,,0,,,,,,0,,0,12960937.84,0,0,0,0,N,,,,,,,,,,,3358895,1498283,1860612,920701,2.0208,0.94,20161231,3183284,1399798,1783486,920701,1.937,0.98,20151231,,,,,,,,,20131030,23200000,,,,,,,,,20131230,20131230,1,,,,CREFC,,1769137,1.9215,1692011,1.8377,,,N,,,,,0,449243.26,20170111,0,0,0,,N,,13600000,S1,,,,,,,,,,,0,,,,0,,,,,WF,S,20170314,20170411,N,,,,,,,0,JPMBB13C17,,,,,
JPMBB13C17,,301410024,24,20170417,12364611.77,12348335.94,20170401,,0.051024,20231101,0.000113,,,,,0.000005,0.050906,,,,,54326.81,16275.83,70602.64,,0,,,,,,0,,0,12348335.94,0,0,0,0,N,,,,,,,,,,,3393887,1629798,1764089,847231,2.0821,0.8,20161231,3222935,1665309,1557626,847231,1.8384,0.78,20151231,,,,,,,,,20130924,18100000,,,,,,,,,20131230,20131230,1,,,,CREFC,,1440290,1.6999,1233827,1.4563,,,N,,,,,8.49,388888.63,,0,0,0,,N,,13000000,H,,,,,,,,,,,0,,,,0,,,,,WF,S,20170314,20170411,N,,,,,,,0,JPMBB13C17,,,,,
JPMBB13C17,,301410026,26,20170417,11238136,11223391.71,20170401,,0.050875,20231201,0.000113,,,,,0.000005,0.050757,,,,,49233.18,14744.29,63977.47,,0,,,,,,0,,0,11223391.71,0,0,0,0,N,,,,,,,,,,,4936329,2898387,2037942,767730,2.6545,0.82,20161231,4514436,3089894,1424542,767730,1.8555,0.79,20151231,,,,,,,,,20131001,19000000,,,,,,,,,20131230,20131230,1,,,,CREFC,,1886048,2.4566,1272648,1.6576,,,X,,,,,0,552533.7,,0,0,0,,N,,11800000,S1,,,,,,,,,,,0,,,,0,,,,,WF,S,20170314,20170411,N,,,,,,,0,JPMBB13C17,,,,,
JPMBB13C17,,883100157,25,20170417,11199564.46,11179064.39,20170206,,0.0556,20231006,0.000113,0.0025,,,,0.000005,0.052982,,,,,53621.03,20500.07,74121.1,,0,,,,,,0,,0,11225143.04,148150.33,103443.98,0,1,N,,,,,,,,,,,11120001,9729149,1390852,889453,1.5637,0.55,20151231,11075163,9491486,1583677,889453,1.7805,0.54,20141228,10742404,9536379,1206025,889453,1.3559,0.53,20151001,20160925,20130816,21600000,0,20170323,,,,,TN,,20131230,20131230,1,,,,CREFC,,930156,1.0457,1122981,1.2625,745329,0.8379,N,,,,,227.31,64434.05,,1555.5,0,0,,N,,12000000,S2,,,,,,,,,,,0,,,H,0,,,,,WF,S,20170314,20170411,N,N,,,,0,,0,JPMBB13C17,,,,0,0
JPMBB13C17,,301410027,27,20170417,11001084.06,10984951.53,20170401,,0.04563,20181101,0.000113,,,,,0.000005,0.045512,,,,,43226.01,16132.53,59358.54,,0,,,,,,0,,0,10984951.53,0,0,0,0,N,,,,,,,,,,,3177369,1718871,1458498,712302,2.0475,0.83,20161231,3456625,1734502,1722123,712302,2.4176,0.89,20151231,,,,,,,,,20130619,15700000,,,,,,,,,20131230,20131230,1,,,,CREFC,,1306392,1.834,1570017,2.2041,,,N,,,,,10.09,342097.79,,0,0,0,,N,,11629000,N,,,,,,,,,,,0,,,,0,,,,,WF,S,20170314,20170411,N,,,,,,,0,JPMBB13C17,,,,,
JPMBB13C17,,301410028,28,20170417,10932812.41,10917909.23,20170401,,0.049,20231201,0.000113,,,,,0.000005,0.048882,,,,,46130.39,14903.18,61033.57,,0,,,,,,0,,0,10917909.23,0,0,0,0,N,,,,,,,,,,,1293892,225919,1067973,732402,1.4581,1,20161231,1257048,213967,1043081,732402,1.4241,1,20151231,,,,,,,,,20130924,17080000,,,,,,,,,20131230,20131230,1,,,,CREFC,,1009110,1.3778,984218,1.3438,,,N,,,,,38.01,216382.3,,0,0,0,,N,,11500000,S1,,,,,,,,,,,0,,,,0,,,,,WF,S,20170314,20170411,N,,,,,,,0,JPMBB13C17,,,,,
JPMBB13C17,,301410029,29,20170417,10670974.04,10657096.07,20170405,,0.0513,20231205,0.000113,,,,,0.000005,0.051182,,,,,47139.03,13877.97,61017,,0,,,,,,0,,0,10657096.07,0,0,0,0,N,,,,,,,,,,,3758424,2483187,1275237,732204,1.7416,0.71,20151231,,,,,,,,2734696,1974356,760340,549153,1.3845,0.7,20160101,20160930,20131031,16500000,,,,,,,YN,,20131230,20131230,1,,,,CREFC,,1125028,1.5364,,,647684,1.1794,N,,,,,0,25059.05,20161011,0,0,0,,N,,11200000,S2,,,,,,,,,,,0,,,,0,,,,,WF,S,20170314,20170411,N,,,,,,,0,JPMBB13C17,,,,,
JPMBB13C17,,301410030,30,20170417,9962077.9,9948275.77,20170405,,0.0485,20231105,0.000413,,,,,0.000005,0.048082,,,,,41605.51,13802.13,55407.64,,0,,,,,,0,,0,9948275.77,0,0,0,0,N,,,,,,,,,,,2105601.15,966778.7,1138822.45,664891.68,1.7127,0.97,20161231,2071835,877790,1194045,664892,1.7958,0.9,20151231,,,,,,,,,20131009,14500000,,,,,,,,,20131230,20131230,1,,,,CREFC,20150720,1080822.45,1.6255,1136045,1.7086,,,X,,,,,36.53,20085.79,,0,0,0,,N,,10500000,S2,,,,,,,,,,,0,,,,0,,,,,WF,S,20170314,20170411,N,,,,,,,0,JPMBB13C17,,,,,
JPMBB13C17,,301410010,10,20170417,9956634.45,9945794.29,20170401,,0.05,20231101,0.000588,,,,,0.000005,0.049407,,,,,42868.84,10840.16,53709,,0,,,,,,0,,0,9945794.29,0,0,0,0,N,,,,,,,,,,,3101479,1620281,1481198,507198,2.9203,0.96,20151231,2782658,1507592,1275066,507197,2.5139,0.94,20141231,2389539,1191941,1197598,382135,3.1339,0.95,20160101,20160930,20130918,17300000,,,,,,,YN,,20131230,20131230,1,,,,CREFC,,1329315,2.6208,1123183,2.2144,1083685,2.8358,X,,,,,50.84,128458.43,,0,0,0,,N,,10005000,S1,,,,,,,,,,,0,,,,0,,,,,WF,S,20170314,20170411,N,,,,,,,0,JPMBB13C17,,,,,
JPMBB13C17,,301410033,33,20170417,9584186.31,9573563.86,20170401,,0.052,20231201,0.000113,,,,,0.000005,0.051882,,,,,42915.86,10622.45,53538.31,,0,,,,,,0,,0,9573563.86,0,0,0,0,N,,,,,,,,,,,1645215.12,628461.19,1016753.93,642459,1.5825,0.93,20161231,1553733,549707,1004026,514041,1.9532,0.93,20151231,,,,,,,,,20130822,13000000,,,,,,,,,20131230,20131230,1,,,,CREFC,,977493.93,1.5214,964766,1.8768,,,N,,,,,3.56,6452.12,,0,0,0,,N,,9750000,S2,,,,,,,,,,,0,,,,0,,,,,WF,S,20170314,20170411,N,,,,,,,0,JPMBB13C17,,,,,
JPMBB13C17,,301410031,31,20170417,9450707.39,9431147.72,20170401,,0.04722,20200731,0.000113,,,,,0.000005,0.047102,,,,,38428.15,19559.67,57987.82,,0,,,,,,0,,0,9431147.72,0,0,0,0,N,,,,,,,,,,,2404072,926933,1477139,695853,2.1227,0.94,20161231,2350520,867472,1483048,695853,2.1312,0.97,20151231,,,,,,,,,20130908,14040000,,,,,,20181101,,,20131230,20131230,1,,,,CREFC,,1289899,1.8536,1295808,1.8621,,,N,,,,,81.58,39172.62,,0,0,0,,N,,10200000,H,,,,,,,,,,,0,,,,0,,,,,WF,S,20170314,20170411,N,,,,,,,0,JPMBB13C17,,,,,
JPMBB13C17,,883100186,32,20170417,9444931.87,9433008.61,20170306,,0.05273,20231206,0.000113,,,,,0.000005,0.052612,,,,,42886.02,11923.26,54809.28,,0,,,,,,0,,0,9444931.88,54768.61,0,0,B,N,,,,,,,,,,,1428456,612608,815848,657711,1.2404,0.79,20161231,1495034,639352,855682,657711,1.3009,0.79,20151231,,,,,,,,,20131025,13200000,,,,,,,,,20131230,20131230,1,,,,CREFC,,695690,1.0577,735524,1.1183,,,N,,,,,0,33937.12,20160711,0,0,0,,N,,9900000,S1,,,,,,,,,,,0,,,,0,,,,,WF,S,20170314,20170411,N,,,,,,,0,JPMBB13C17,,,,,
JPMBB13C17,,301410011,11,20170417,9260018.35,9249936.62,20170401,,0.05,20231101,0.000588,,,,,0.000005,0.049407,,,,,39869.52,10081.73,49951.25,,0,,,,,,0,,0,9249936.62,0,0,0,0,N,,,,,,,,,,,2732988,1472307,1260681,471712,2.6725,0.96,20151231,2652848,1409019,1243829,471712,2.6368,0.94,20141231,2141365,1120523,1020842,355399,2.8723,0.96,20160101,20160930,20130918,17400000,,,,,,,YN,,20131230,20131230,1,,,,CREFC,,1139593,2.4158,1122741,2.3801,930026,2.6168,X,,,,,38.58,95074.27,,0,0,0,,N,,9305000,S1,,,,,,,,,,,0,,,,0,,,,,WF,S,20170314,20170411,N,,,,,,,0,JPMBB13C17,,,,,
JPMBB13C17,,301410035,35,20170417,9003634.13,8991924.58,20170405,,0.0513,20231205,0.000688,,,,,0.000005,0.050607,,,,,39773.55,11709.55,51483.1,,0,,,,,,0,,0,8991924.58,0,0,0,0,N,,,,,,,,,,,553289,248911,304378,617797,0.4926,0.39,20161231,983231,292315,690916,617797,1.1183,0.39,20151231,,,,,,,,,20131022,12800000,,,,,,,,,20131230,20131230,1,,,,CREFC,,213386,0.3453,599924,0.971,,,N,,,,,0,543146.31,20160311,0,0,0,,N,,9450000,N,,,,,,,,,,,0,,,,0,,,,,WF,S,20170314,20170411,N,,,,,,,0,JPMBB13C17,,,,,
JPMBB13C17,,883100170,34,20170417,8961512.24,8944818.89,20170406,,0.05408,20231106,0.000113,,,,,0.000005,0.053962,,,,,41732.77,16693.35,58426.12,,0,,,,,,0,,0,8944818.89,0,0,0,0,N,,,,,,,,,,,2349361,1167004,1182357,701113,1.6864,0.7,20151231,2190201,1053160,1137041,701113,1.6217,0.66,20141231,1680993,850839,830154,525835,1.5787,0.78,20160101,20160930,20130717,15000000,,,,,,,YN,,20131230,20131230,1,,,,CREFC,,987039,1.4078,941723,1.3431,683666,1.3001,N,,,,,0,177797.17,,0,0,0,,N,,9600000,S1,,,,,,,,,,,0,,,,0,,,,,WF,S,20170314,20170411,N,,,,,,,0,JPMBB13C17,,,,,
JPMBB13C17,,301410012,12,20170417,8896782.81,8887096.55,20170401,,0.05,20231101,0.000588,,,,,0.000005,0.049407,,,,,38305.59,9686.26,47991.85,,0,,,,,,0,,0,8887096.55,0,0,0,0,N,,,,,,,,,,,2569474,1385898,1183576,453208,2.6115,0.94,20151231,2440247,1273716,1166531,453209,2.5739,0.97,20141231,2049398,1019029,1030369,341458,3.0175,0.96,20160101,20160930,20130918,15200000,,,,,,,YN,,20131230,20131230,1,,,,CREFC,,1084657,2.3932,1067612,2.3556,956179,2.8002,X,,,,,35.31,65312.88,,0,0,0,,N,,8940000,S1,,,,,,,,,,,0,,,,0,,,,,WF,S,20170314,20170411,N,,,,,,,0,JPMBB13C17,,,,,
JPMBB13C17,,301410038,38,20170417,8839457.12,8829117.25,20170405,,0.0496,20231205,0.000313,,,,,0.000005,0.049282,,,,,37754.3,10339.87,48094.17,,0,,,,,,0,,0,8829117.25,0,0,0,0,N,,,,,,,,,,,942186,147554,794632,577130,1.3768,0.86,20161231,925309,147469,777840,452600,1.7186,0.86,20151231,,,,,,,,,20131125,12200000,,,,,,,,,20131230,20131230,1,,,,CREFC,,784309,1.3589,767517,1.6957,,,N,,,,,2.83,30982.87,,0,0,0,,N,,9000000,S2,,,,,,,,,,,0,,,,0,,,,,WF,S,20170314,20170411,N,,,,,,,0,JPMBB13C17,,,,,
JPMBB13C17,,301410039,39,20170417,8700000,8700000,20170401,,0.0506,20231001,0.000113,,,,,0.000005,0.050482,,,,,37907.83,0,37907.83,,0,,,,,,0,,0,8700000,0,0,0,0,N,,,,,,,,,,,1782888,823225,959663,446335,2.15,0.89,20151231,1726075,653259,1072816,446334,2.4036,0.9,20141231,826039,441761,384278,223778,1.7172,0.89,20160101,20160630,20130910,14600000,,,,,,,YN,,20131230,20131230,1,,,,CREFC,,930663,2.0851,1043816,2.3386,369778,1.6524,X,,,,,0,17552.49,,0,0,0,,N,,8700000,S2,,,,,,,,,,,0,,,,0,,,,,WF,S,20170314,20170411,N,,,,,,,0,JPMBB13C17,,,,,
JPMBB13C17,,883100184,41,20170417,8183136.57,8174046.3,20170406,,0.0519,20231206,0.000113,,,,,0.000005,0.051782,,,,,36571.8,9090.27,45662.07,,0,,,,,,0,,0,8174046.3,0,0,0,0,N,,,,,,,,,,,1068096,222636,845460,438069,1.9299,0.83,20151231,1013455,249262,764193,438068,1.7444,0.88,20141231,786360,165929,620431,410959,1.5097,0.81,20160101,20160930,,11100000,,,,,,,YN,,20131230,20131230,3,,,,CREFC,,826060,1.8856,744793,1.7001,605883,1.4743,N,,,,,0,10014.49,,0,0,0,,N,,8325000,S2,,,,,,,,,,,0,,,,0,,,,,WF,S,20170314,20170411,N,,,,,,,0,JPMBB13C17,,,,,
JPMBB13C17,,883100169,40,20170417,8148518.34,8137453.93,20170406,,0.0495,20231106,0.000613,,,,,0.000005,0.048882,,,,,34733.06,11064.41,45797.47,,0,,,,,,0,,0,8137453.93,0,0,0,0,N,,,,,,,,,,,1327414,582526,744888,549569,1.3554,0.96,20151231,1306256,548645,757611,549569,1.3785,0.9,20141231,948416,448596,499820,412177,1.2126,0.88,20160101,20160930,20130827,11630000,,,,,,,YN,,20131230,20131230,1,,,,CREFC,,718859,1.308,731582,1.3311,480299,1.1652,N,,,,,0,35065.71,,0,0,0,,N,,8580000,S2,,,,,,,,,,,0,,,,0,,,,,WF,S,20170314,20170411,N,,,,,,,0,JPMBB13C17,,,,,
JPMBB13C17,,301410042,42,20170417,7816333.28,7806272.63,20170405,,0.0518,20231205,0.000488,,,,,0.000005,0.051307,,,,,34865.19,10060.65,44925.84,,0,,,,,,0,,0,7806272.63,0,0,0,0,N,,,,,,,,,,,1404849,409444,995405,539110,1.8463,1,20161231,1338974,388308,950666,539110,1.7633,0.92,20151231,,,,,,,,,20131022,11400000,,,,,,,,,20131230,20131230,1,,,,CREFC,,931029,1.7269,886290,1.6439,,,N,,,,,0,98817.94,,0,0,0,,N,,8200000,N,,,,,,,,,,,0,,,,0,,,,,WF,S,20170314,20170411,N,,,,,,,0,JPMBB13C17,,,,,
JPMBB13C17,,883100167,43,20170417,7664802.61,7655349.09,20170406,,0.049,20181106,0.000513,,,,,0.000005,0.048482,,,,,32341.21,9453.52,41794.73,,0,,,,,,0,,0,7655349.1,0,0,0,0,N,,,,,,,,,,,2418544,1325402,1093142,454416,2.4055,0.96,20151231,2184254,1225249,959005,391234,2.4512,0.92,20141231,1908744,980235,928509,376153,2.4684,0.94,20160101,20160930,20130828,10550000,,,,,,,YN,,20131230,20131230,1,,,,CREFC,,1005262,2.2122,871125,2.2266,862599,2.2932,N,,,,,0,82183.97,,0,0,0,,N,,7875000,S1,,,,,,,,,,,0,,,,0,,,,,WF,S,20170314,20170411,N,,,,,,,0,JPMBB13C17,,,,,
JPMBB13C17,,301410045,45,20170417,7140348.47,7130907.95,20170405,,0.0505,20231205,0.000713,,,,,0.000005,0.049782,,,,,31050.6,9440.52,40491.12,,0,,,,,,0,,0,7130907.95,0,0,0,0,N,,,,,,,,,,,822802,331328,491474,485893,1.0114,1,20161231,1095094,362954,732140,485893,1.5067,1,20151231,,,,,,,,,20131104,10500000,,,,,,,YN,,20131230,20131230,1,,,,CREFC,,421154,0.8667,661820,1.362,,,N,,,,,0.12,552113.5,20160811,0,0,0,,N,,7500000,S1,,,,,,,,,,,0,,,,0,,,,,WF,S,20170314,20170411,N,,,,,,,0,JPMBB13C17,,,,,
JPMBB13C17,,883100187,44,20170417,6933308.76,6912490.84,20170406,,0.05086,20231206,0.000113,,,,,0.000005,0.050742,,,,,30365.2,20817.92,51183.12,,0,,,,,,0,,0,6912490.84,0,0,0,0,N,,,,,,,,,,,968954,177071,791883,614197,1.2892,1,20161231,951905,168371,783534,614197,1.2757,1,20151228,,,,,,,,,20131010,11850000,,,,,,,,,20131230,20131230,1,,,,CREFC,20150224,749889,1.2209,741540,1.2073,,,N,,,,,0,102496.17,,0,0,0,,N,,7700000,S2,,,,,,,,,,,0,,,,0,,,,,WF,S,20170314,20170411,N,,,,,,,0,JPMBB13C17,,,,,
JPMBB13C17,,301410046,46,20170417,6830429.22,6821148.26,20170401,,0.04974,20231001,0.000113,,,,,0.000005,0.049622,,,,,29255.87,9280.96,38536.83,,0,,,,,,0,,0,6821148.26,0,0,0,0,N,,,,,,,,,,,2657417,1422453,1234964,462441,2.6705,0.6,20161231,2666900,1393083,1273817,462441,2.7545,0.61,20151231,,,,,,,,,20130701,12750000,,,,,,,,,20131230,20131230,1,,,,CREFC,,1146659,2.4795,1185512,2.5635,,,X,,,,,49.33,255277.6,,0,0,0,,N,,7200000,N,,,,,,,,,,,0,,,,0,,,,,WF,S,20170314,20170411,N,,,,,,,0,JPMBB13C17,,,,,
JPMBB13C17,,301410047,47,20170417,6763999.69,6755184.67,20170401,,0.0512,20231201,0.000113,,,,,0.000005,0.051082,,,,,29821.72,8815.02,38636.74,,0,,,,,,0,,0,6755184.67,0,0,0,0,N,,,,,,,,,,,1332953,509319,823634,463641,1.7764,0.88,20161231,1306821,555490,751331,463641,1.6205,0.86,20151231,,,,,,,,,20130620,12100000,,,,,,,,,20131230,20131230,1,,,,CREFC,,805742,1.7378,733439,1.5819,,,N,,,,,0,145840,20161212,0,0,0,,N,,7100000,S2,,,,,,,,,,,0,,,,0,,,,,WF,S,20170314,20170411,N,,,,,,,0,JPMBB13C17,,,,,
JPMBB13C17,,301410048,48,20170417,6665361.89,6656979.88,20170401,,0.0535,20231001,0.000113,,,,,0.000005,0.053382,,,,,30706.95,8382.01,39088.96,,0,,,,,,0,,0,6656979.88,0,0,0,0,N,,,,,,,,,,,1498257,338885,1159372,469067,2.4716,1,20161231,1387491,354431,1033060,469067,2.2023,1,20151231,,,,,,,,,20130409,10900000,,,,,,,YN,,20131230,20131230,1,,,,CREFC,,1128372,2.4055,1002060,2.1362,,,N,,,,,4.52,108581.46,,0,0,0,,N,,7000000,S2,,,,,,,,,,,0,,,,0,,,,,WF,S,20170314,20170411,N,,,,,,,0,JPMBB13C17,,,,,
JPMBB13C17,,301410049,49,20170417,6523835.18,6514168.92,20170401,,0.0451,20181101,0.000113,,,,,0.000005,0.044982,,,,,25336.04,9666.26,35002.3,,0,,,,,,0,,0,6514168.92,0,0,0,0,N,,,,,,,,,,,1272947.66,655214.35,617733.31,420027.44,1.4706,0.94,20161231,1132661,654562,478099,420028,1.1382,0.92,20151231,,,,,,,,,20130723,9600000,,,,,,,TN,,20131230,20131230,1,,,,CREFC,,580811.81,1.3827,441178,1.0503,,,X,,,,,12.46,16651.87,,0,0,0,,N,,6900000,SF,,,,,,,,,,,0,,,,0,,,,,WF,S,20170314,20170411,N,,,,,,,0,JPMBB13C17,,,,,
JPMBB13C17,,301410050,50,20170417,5335334.04,5328564.49,20170401,,0.0528,20231101,0.000113,,,,,0.000005,0.052682,,,,,24257.99,6769.55,31027.54,,0,,,,,,0,,0,5328564.49,0,0,0,0,N,,,,,,,,,,,961178,306996,654182,372330,1.7569,1,20161231,925243,282036,643207,372330,1.7275,0.98,20151231,,,,,,,,,20130827,7200000,,,,,,,,,20131230,20131230,1,,,,CREFC,,629382,1.6903,618407,1.6609,,,N,,,,,0.05,12400.02,,0,0,0,,N,,5600000,S2,,,,,,,,,,,0,,,,0,,,,,WF,S,20170314,20170411,N,,,,,,,0,JPMBB13C17,,,,,
JPMBB13C17,,883100155,36,20170417,5079587.34,5070310.27,20170406,,0.0562,20230906,0.000113,,,,,0.000005,0.056082,,,,,24582.38,9277.07,33859.45,,0,,,,,,0,,0,5070310.27,0,0,0,0,N,,,,,,,,,,,1936150,1084000,852150,406313,2.0972,0.98,20161231,1877232,1084674,792558,406313,1.9506,0.98,20151231,,,,,,,,,20130814,8300000,,,,,,,,,20131230,20131230,1,,,,CREFC,,757750,1.8649,698158,1.7182,,,N,,,,,0,49785.41,,0,0,0,,N,,5450000,S1,,,,,,,,,,,0,,,,0,,,,,WF,S,20170314,20170411,N,,,,,,,0,JPMBB13C17,,,,,
JPMBB13C17,,301410051,51,20170417,4904745.05,4898469.75,20170401,,0.0524,20231101,0.000113,,,,,0.000005,0.052282,,,,,22131.3,6275.3,28406.6,,0,,,,,,0,,0,4898469.75,0,0,0,0,N,,,,,,,,,,,680565,229359,451206,340879,1.3236,1,20150930,659352,238307,421045,340879,1.2351,1,20140930,175171,74004,101167,85219,1.1871,1,20160101,20160331,20130829,8300000,,,,,,,YN,,20131230,20131230,1,,,,CREFC,,437864,1.2845,407703,1.196,97832,1.148,N,,,,,0,1681,,0,0,0,,N,,5150000,S2,,,,,,,,,,,0,,,,0,,,,,WF,S,20170314,20170411,N,,,,,,,0,JPMBB13C17,,,,,
JPMBB13C17,,883100166,52,20170417,4890874.01,4884841.76,20170406,,0.049,20181106,0.000513,,,,,0.000005,0.048482,,,,,20636.77,6032.25,26669.02,,0,,,,,,0,,0,4884841.76,0,0,0,0,N,,,,,,,,,,,1506915,893378,613537,289960,2.1159,0.93,20151231,1409740,818183,591557,249645,2.3695,0.94,20141231,1204776,615644,589132,240021,2.4545,0.9,20160101,20160930,20130828,6870000,,,,,,,YN,,20131230,20131230,1,,,,CREFC,,573537,1.9779,551557,2.2093,559132,2.3295,N,,,,,0,19140.21,,0,0,0,,N,,5025000,S2,,,,,,,,,,,0,,,,0,,,,,WF,S,20170314,20170411,N,,,,,,,0,JPMBB13C17,,,,,
JPMBB13C17,,301410053,53,20170417,4579234.17,4573449.72,20170405,,0.0527,20231205,0.000788,,,,,0.000005,0.051907,,,,,20780.82,5784.45,26565.27,,0,,,,,,0,,0,4573449.72,0,0,0,0,N,,,,,,,,,,,,,,,,,,679568,230344,449224,318783,1.4091,1,20141231,550412,220900,329512,239087,1.3782,1,20160101,20160930,20131007,6910000,,,,,,,YN,,20131230,20131230,1,,,,CREFC,,,,440824,1.3828,323212,1.3518,N,,,,,0,23332.74,,0,0,0,,N,,4800000,N,,,,,,,,,,,0,,,,0,,,,,WF,S,20170314,20170411,N,,,,,,,0,JPMBB13C17,,,,,
JPMBB13C17,,883100183,54,20170417,4099572.56,4094317.76,20170406,,0.052,20231206,0.000113,,,,,0.000005,0.051882,,,,,18356.97,5254.8,23611.77,,0,,,,,,0,,0,4094317.76,0,0,0,0,N,,,,,,,,,,,1192735,367296,825439,283341,2.9132,0.85,20161231,1053063,334313,718750,283341,2.5366,0.88,20151231,,,,,,,,,20131009,7700000,,,,,,,,,20131230,20131230,1,,,,CREFC,,819168,2.8911,712479,2.5145,,,N,,,,,0,20917.35,,0,0,0,,N,,4300000,S1,,,,,,,,,,,0,,,,0,,,,,WF,S,20170314,20170411,N,,,,,,,0,JPMBB13C17,,,,,
JPMBB13C17,,301410055,55,20170417,3985916.43,3981028.26,20170401,,0.0526,20231101,0.000113,,,,,0.000005,0.052482,,,,,18053.99,4888.17,22942.16,,0,,,,,,0,,0,3981028.26,0,0,0,0,N,,,,,,,,,,,1098818,385626,713192,275306,2.5905,0.9,20161231,861942,342038,519904,275306,1.8884,0.9,20151231,,,,,,,,,20130809,5700000,,,,,,,,,20131230,20131230,1,,,,CREFC,20160502,702315,2.551,509027,1.8489,,,N,,,,,0,37545.75,,0,0,0,,N,,4150000,N,,,,,,,,,,,0,,,,0,,,,,WF,S,20170314,20170411,N,,,,,,,0,JPMBB13C17,,,,,
JPMBB13C17,,883100168,56,20170417,3956498.13,3951618.31,20170406,,0.049,20181106,0.000513,,,,,0.000005,0.048482,,,,,16694.22,4879.82,21574.04,,0,,,,,,0,,0,3951618.31,0,0,0,0,N,,,,,,,,,,,1323025,762527,560498,234565,2.3895,0.93,20151231,1213009,712944,500065,201951,2.4761,0.99,20141231,1069740,560037,509703,194166,2.625,0.94,20160101,20160930,20130828,5440000,,,,,,,YN,,20131230,20131230,1,,,,CREFC,,524498,2.236,464065,2.2979,482703,2.486,N,,,,,0,57749.9,,0,0,0,,N,,4065000,S1,,,,,,,,,,,0,,,,0,,,,,WF,S,20170314,20170411,N,,,,,,,0,JPMBB13C17,,,,,
JPMBB13C17,,301410057,57,20170417,3534021.92,3529678.48,20170401,,0.054,20231201,0.000113,,,,,0.000005,0.053882,,,,,16433.2,4343.44,20776.64,,0,,,,,,0,,0,3529678.48,0,0,0,0,N,,,,,,,,,,,705422,243160,462262,249319,1.854,0.91,20161231,688036,231812,456224,249319,1.8298,0.87,20151231,,,,,,,,,20131015,6150000,,,,,,,,,20131230,20131230,1,,,,CREFC,,416737,1.6715,410699,1.6472,,,N,,,,,2.45,86841.38,,0,0,0,,N,,3700000,S2,,,,,,,,,,,0,,,,0,,,,,WF,S,20170314,20170411,N,,,,,,,0,JPMBB13C17,,,,,
JPMBB13C17,,883100154,37,20170417,3448527.21,3442229.02,20170406,,0.0562,20230906,0.000113,,,,,0.000005,0.056082,,,,,16688.96,6298.19,22987.15,,0,,,,,,0,,0,3442229.02,0,0,0,0,N,,,,,,,,,,,1368145,876769,491376,275846,1.7813,0.98,20161231,1380826,903144,477682,275846,1.7316,0.98,20151231,,,,,,,,,20130814,5800000,,,,,,,,,20131230,20131230,1,,,,CREFC,,419376,1.5203,405682,1.4706,,,N,,,,,0,105887.48,,0,0,0,,N,,3700000,S1,,,,,,,,,,,0,,,,0,,,,,WF,S,20170314,20170411,N,,,,,,,0,JPMBB13C17,,,,,
JPMBB13C17,,883100149,58,20170417,3213509.66,3207587.17,20170406,,0.055625,20230906,0.000113,,,,,0.000005,0.055507,,,,,15392.49,5922.49,21314.98,,0,,,,,,0,,0,3207587.16,0,0,0,0,N,,,,,,,,,,,1047061,568696,478365,255780,1.8702,0.94,20161231,1024268,598386,425882,255780,1.665,0.99,20151231,,,,,,,,,20130725,5300000,,,,,,,YN,,20131230,20131230,1,,,,CREFC,,420765,1.645,368282,1.4398,,,N,,,,,0,33498.1,20150911,0,0,0,,N,,3450000,S1,,,,,,,,,,,0,,,,0,,,,,WF,S,20170314,20170411,N,,,,,,,0,JPMBB13C17,,,,,
JPMBB13C17,,301410060,60,20170417,3153104.82,3149262.36,20170401,,0.0544,20231201,0.000113,,,,,0.000005,0.054282,,,,,14770.54,3842.46,18613,,0,,,,,,0,,0,3149262.36,0,0,0,0,N,,,,,,,,,,,624894,282455,342439,223356,1.5331,0.98,20161231,667011,264807,402204,223356,1.8007,0.89,20151231,,,,,,,,,20131004,4500000,,,,,,,YN,,20131230,20131230,1,,,,CREFC,,308039,1.3791,367804,1.6467,,,N,,,,,0,50005.45,,0,0,0,,N,,3300000,S2,,,,,,,,,,,0,,,,0,,,,,WF,S,20170314,20170411,N,,,,,,,0,JPMBB13C17,,,,,
JPMBB13C17,,883100163,59,20170417,3130187.73,3124557.45,20170406,,0.0567,20231006,0.000113,,,,,0.000005,0.056582,,,,,15283.14,5630.28,20913.42,,0,,,,,,0,,0,3124557.46,0,0,0,0,N,,,,,,,,,,,2359355,1481591,877764,250961,3.4976,0.78,20151231,2118289,1444870,673419,250961,2.6833,0.73,20141231,507243,339917,167326,62740,2.6669,0.78,20160101,20160331,20130726,6500000,,,,,,,YN,,20131230,20131230,1,,,,CREFC,,807463,3.2174,603118,2.4032,149751,2.3868,N,,,,,0,195656.24,,0,0,0,,N,,3350000,S2,,,,,,,,,,,0,,,,0,,,,,WF,S,20170314,20170411,N,,,,,,,0,JPMBB13C17,,,,,
JPMBB13C17,,883100165,61,20170417,2806432.16,2802582.8,20170406,,0.049,20181106,0.000113,,,,,0.000005,0.048882,,,,,11841.58,3849.36,15690.94,,0,,,,,,0,,0,2802582.8,0,0,0,0,N,,,,,,,,,,,642532,255193,387339,188291,2.0571,0.92,20161231,614569,206635,407934,188291,2.1665,0.89,20151231,,,,,,,,,20130730,4050000,,,,,,,,,20131230,20131230,1,,,,CREFC,20150507,379006,2.0128,399601,2.1222,,,N,,,,,0,0.9,,0,0,0,,N,,2956500,S2,,,,,,,,,,,0,,,,0,,,,,WF,S,20170314,20170411,N,,,,,,,0,JPMBB13C17,,,,,
JPMBB13C17,,301410062,62,20170417,2650038.75,2646200.94,20170401,,0.0474,20230701,0.000113,,,,,0.000005,0.047282,,,,,10816.57,3837.81,14654.38,,0,,,,,,0,,0,2646200.94,0,0,0,0,N,,,,,,,,,,,942807.38,513857.85,428949.53,175852,2.4392,0.99,20161231,904939,542599,362340,175852,2.0604,0.97,20151231,,,,,,,,,20130425,3780000,,,,,,,,,20131230,20131230,1,,,,CREFC,,401949.53,2.2857,335340,1.9069,,,N,,,,,56.55,19945.32,20151013,0,0,0,,N,,2812500,S2,,,,,,,,,,,0,,,,0,,,,,WF,S,20170314,20170411,N,,,,,,,0,JPMBB13C17,,,,,
JPMBB13C17,,301410063,63,20170417,2574114.99,2570965.51,20170401,,0.0548,20231001,0.000113,,,,,0.000005,0.054682,,,,,12146.96,3149.48,15296.44,,0,,,,,,0,,0,2570965.51,0,0,0,0,N,,,,,,,,,,,485739,113152,372587,183557,2.0298,1,20161231,443726,129881,313845,183557,1.7097,1,20151231,,,,,,,,,20130617,3600000,,,,,,,,,20131230,20131230,1,,,,CREFC,,341389,1.8598,282647,1.5398,,,N,,,,,0,109194.54,,0,0,0,,N,,2700000,S1,,,,,,,,,,,0,,,,0,,,,,WF,S,20170314,20170411,N,,,,,,,0,JPMBB13C17,,,,,
JPMBB13C17,,301410064,64,20170417,2006882.42,2004447.19,20170401,,0.0546,20231201,0.000113,,,,,0.000005,0.054482,,,,,9435.69,2435.23,11870.92,,0,,,,,,0,,0,2004447.19,0,0,0,0,N,,,,,,,,,,,367149,98230,268919,142451,1.8878,1,20161231,367148,99376,267772,142451,1.8797,1,20151231,,,,,,,,,20130626,2800000,,,,,,,,,20131230,20131230,1,,,,CREFC,,227751,1.5988,226604,1.5907,,,N,,,,,12.68,140426.8,,0,0,0,,N,,2100000,S2,,,,,,,,,,,0,,,,0,,,,,WF,S,20170314,20170411,N,,,,,,,0,JPMBB13C17,,,,,
JPMBB13C17,,301410021,21,20161216,0,0,,,,,,,,,,,,,,,,,,,,,,20161205,,,9,,,,,,,,,N,,,,,,,,,,,,,,,,,,,,,,,,,,,,,,,,,,,,,,,,,,,,,,,,,,,,,,,,,,,,,,,,,0,,0,,,,,,,,,,,,,,,,,,,,,,,,,,,20170314,20170411,,,,,,,,,,,,,,
