JPMBB13C17,,301171001,3,20160415,89563470.78,89462223.56,20160401,,0.0483334,20231101,0.000113,,,,,0.000005,0.0482154,,,,,372767,101247.22,474014.22,,,,,,,,,,,89462223.56,0,0,0,0,N,,,,,,,,,,,23030082,8148531,14881551,11553417,1.29,0.93,20151231,21761731,7957924.8,13803806.2,11026056.49,1.25,0.97,20141231,,,,,,,,,20130910,365000000,,,,,,,,,20131230,20131230,1,,,,CREFC,,14819551,1.28,13741806.2,1.25,,,X,,,,,,,,,,,,N,,225000000,H,,,,,,,,,,,,,,,,,,,,WF,S
JPMBB13C17,,301410001,1,20160415,115742509.1,115579150.5,20160401,,0.04366,20240101,0.000113,,,,,0.000005,0.043542,,,,,435146.82,163358.65,598505.47,,,,,,,,,,,115579150.5,0,0,0,0,N,,,,,,,,,,,32881212,11354670,21526542,13167120,1.63,0.93,20151231,32883064,11451799,21431265,13167121,1.63,0.98,20141231,,,,,,,,,20131115,366000000,,,,,,,YN,,20131230,20131230,1,,,,CREFC,,20626840,1.57,20531563,1.56,,,X,,,,,,,,,,,,N,,220000000,S2,,,,,,,,,,,,,,,,,,,,WF,S
JPMBB13C17,,301410002,2,20160415,93451510.71,93347768.67,20160401,,0.049127,20231101,0.000213,,,,,0.000005,0.048909,,,,,395335.45,103742.04,499077.49,,,,,,,,,,,93347768.67,0,0,0,0,N,,,,,,,,,,,11708936,2077209,9631727,4677091,2.06,1,20141231,,,,,,,,8957134,1589498,7367636,3498211,2.11,1,20150101,20150930,,125500000,,,,,,,YN,,20131230,20131230,7,,,,CREFC,,8665319,1.85,,,6642833,1.9,X,,,,,727.15,431101.3,,,,,,N,,93900000,H,,,,,,,,,,,,,,,,,,,,WF,S
JPMBB13C17,,301410004,4,20160415,72863938.46,72782739.86,20160401,,0.0487,20231201,0.000113,,,,,0.000005,0.048582,,,,,305563.02,81198.6,386761.62,,,,,,,,,,,72782739.86,0,0,0,0,N,,,,,,,,,,,14621821,5699510,8922311,3610648,2.47,0.86,20141231,,,,,,,,10788886,3985654,6803232,2710459,2.51,0.94,20150101,20150930,20131015,123000000,,,,,,,YN,,20131230,20131230,1,,,,CREFC,,7372385,2.04,,,5640789,2.08,N,,,,,,1624058.22,,,,,,N,,73125000,H,,,,,,,,,,,,,,,,,,,,WF,S
JPMBB13C17,,301410007,7,20160415,31000000,31000000,20160401,,0.0492,20231101,0.000413,,,,,0.000005,0.048782,,,,,131336.67,0,131336.67,,,,,,,,,,,31000000,0,0,0,0,N,,,,,,,,,,,3251572,803278,2448294,1546383,1.58,1,20141231,,,,,,,,2912136,616496,2295640,1160847,1.98,0.83,20150101,20150930,20130918,51000000,,,,,,,YN,,20131230,20131230,1,,,,CREFC,,2310988,1.49,,,2192661,1.89,X,,,,,117.17,20267.25,,,,,,N,,31000000,S1,,,,,,,,,,,,,,,,,,,,WF,S
JPMBB13C17,,301410008,8,20160415,30000000,30000000,20160401,,0.049875,20231201,0.000313,,,,,0.000005,0.049557,,,,,128843.75,0,128843.75,,,,,,,,,,,30000000,0,0,0,0,N,,,,,,,,,,,5409637,2686564,2723073,1517031,1.8,0.89,20151231,4868845,2067137,2801708,1517031,1.85,0.89,20141231,,,,,,,,,20131009,39000000,,,,,,,YN,,20131230,20131230,1,,,,CREFC,,2447070,1.61,2525705,1.66,,,X,,,,,2078.66,2506773.9,,,,,,N,,30000000,S2,,,,,,,,,,,,,,,,,,,,WF,S
JPMBB13C17,,301410009,9,20160415,28953297.12,28916027.73,20160401,,0.048675,20231101,0.000113,,,,,0.000005,0.048557,,,,,121356.54,37269.39,158625.93,,,,,,,,,,,28916027.73,0,0,0,0,N,,,,,,,,,,,4995104,2540764,2454340,1903511,1.29,0.83,20141231,,,,,,,,2807959,1110554,1697405,951755,1.78,0.84,20150101,20150630,20130918,43000000,,,,,,,YN,,20131230,20131230,1,,,,CREFC,20150410,2164366,1.14,,,1552419,1.63,X,,,,,169.36,1160973.8,,,,,,N,,30000000,S1,,,,,,,,,,,,,,,,,,,,WF,S
JPMBB13C17,,301410010,10,20160415,10005000,10005000,20160401,,0.05,20231101,0.000588,,,,,0.000005,0.049407,,,,,43077.08,0,43077.08,,,,,,,,,,,10005000,0,0,0,0,N,,,,,,,,,,,3101479,1620281,1481198,507198,2.92,0.96,20151231,2782658,1507592,1275066,507197,2.51,0.94,20141231,,,,,,,,,20130918,17300000,,,,,,,YN,,20131230,20131230,1,,,,CREFC,,1329315,2.62,1123183,2.21,,,X,,,,,50.84,186003.2,,,,,,N,,10005000,S1,,,,,,,,,,,,,,,,,,,,WF,S
JPMBB13C17,,301410011,11,20160415,9305000,9305000,20160401,,0.05,20231101,0.000588,,,,,0.000005,0.049407,,,,,40063.19,0,40063.19,,,,,,,,,,,9305000,0,0,0,0,N,,,,,,,,,,,2732988,1472307,1260681,471712,2.67,0.96,20151231,2652848,1409019,1243829,471712,2.64,0.94,20141231,,,,,,,,,20130918,17400000,,,,,,,YN,,20131230,20131230,1,,,,CREFC,,1139593,2.42,1122741,2.38,,,X,,,,,38.58,140630.5,,,,,,N,,9305000,S1,,,,,,,,,,,,,,,,,,,,WF,S
JPMBB13C17,,301410012,12,20160415,8940000,8940000,20160401,,0.05,20231101,0.000588,,,,,0.000005,0.049407,,,,,38491.67,0,38491.67,,,,,,,,,,,8940000,0,0,0,0,N,,,,,,,,,,,2569474,1385898,1183576,453208,2.61,0.94,20151231,2440247,1273716,1166531,453209,2.57,0.97,20141231,,,,,,,,,20130918,15200000,,,,,,,YN,,20131230,20131230,1,,,,CREFC,,1084657,2.39,1067612,2.36,,,X,,,,,35.31,128141.1,,,,,,N,,8940000,S1,,,,,,,,,,,,,,,,,,,,WF,S
JPMBB13C17,,301410013,13,20160415,25375000,25375000,20160401,,0.0474,20231201,0.000113,,,,,0.000005,0.047282,,,,,103572.29,0,103572.29,,,,,,,,,,,25375000,0,0,0,0,N,,,,,,,,,,,5202385,2444507,2757878,1219480,2.26,0.85,20151231,5532300,2183805,3348495,1219480,2.75,0.92,20141231,,,,,,,,,20131010,39600000,,,,,,,,,20131230,20131230,1,,,,CREFC,,2205554,1.81,2796171,2.29,,,N,,,,,,1243189.33,20160211,,,,,N,,25375000,S2,,,,,,,,,,,,,,,,,,,,WF,S
JPMBB13C17,,301410018,18,20160415,16000000,16000000,20160401,,0.0482,20231101,0.000113,,,,,0.000005,0.048082,,,,,66408.89,0,66408.89,,,,,,,,,,,16000000,0,0,0,0,N,,,,,,,,,,,2714565,528468,2186097,781911,2.8,1,20151231,2698871,538289,2160582,781912,2.76,1,20141231,,,,,,,,,20130926,29000000,,,,,,,YN,,20131230,20131230,1,,,,CREFC,20140528,2031971,2.6,2006456,2.57,,,N,,,,,,,,,,,,N,,16000000,H,,,,,,,,,,,,,,,,,,,,WF,S
JPMBB13C17,,301410019,19,20160415,15000000,15000000,20160401,,0.048475,20231101,0.000113,,,,,0.000005,0.048357,,,,,62613.54,0,62613.54,,,,,,,,,,,15000000,0,0,0,0,N,,,,,,,,,,,3492397,1813750,1678647,737224,2.28,0.95,20151231,3319421,1757755,1561666,737224,2.12,0.95,20141231,,,,,,,,,20130822,22700000,,,,,,,,,20131230,20131230,1,,,,CREFC,,1573647,2.13,1456666,1.98,,,X,,,,,,53889.63,,,,,,N,,15000000,S2,,,,,,,,,,,,,,,,,,,,WF,S
JPMBB13C17,,301410020,20,20160415,14199256.86,14182137.53,20160401,,0.0512,20240101,0.000113,,,,,0.000005,0.051082,,,,,62602.95,17119.33,79722.28,,,,,,,,,,,14182137.53,0,0,0,0,N,,,,,,,,,,,2462785,862726,1600059,937368,1.71,1,20141231,,,,,,,,1902780,646031,1256749,717501,1.75,1,20150101,20150930,20131111,19940000,,,,,,,YN,,20131230,20131230,1,,,,CREFC,,1581059,1.69,,,1242499,1.73,N,,,,,,48538.09,,,,,,N,,14650000,N,,,,,,,,,,,,,,,,,,,,WF,S
JPMBB13C17,,301410021,21,20160415,13825046.9,13807815.33,20160405,,0.0502,20231105,0.000513,,,,,0.000005,0.049682,,,,,59762.61,17231.57,76994.18,,,,,,,,,,,13807815.33,0,0,0,0,N,,,,,,,,,,,2602249,1323875,1278374,923930,1.38,0.85,20151231,2563502,1166896,1396606,923930,1.51,0.96,20141231,,,,,,,,,20131010,19100000,,,,,,,,,20131230,20131230,1,,,,CREFC,,1207374,1.31,1325606,1.43,,,X,,,,,250.59,57580.39,,,,,,N,,14310000,S2,,,,,,,,,,,,,,,,,,,,WF,S
JPMBB13C17,,301410024,24,20160415,12566368.1,12550978.73,20160401,,0.051024,20231101,0.000113,,,,,0.000005,0.050906,,,,,55213.27,15389.37,70602.64,,,,,,,,,,,12550978.73,0,0,0,0,N,,,,,,,,,,,3222935,1665309,1557626,847231,1.84,0.78,20151231,3212803,1758063,1454740,847231,1.72,0.83,20141231,,,,,,,,,20130924,18100000,,,,,,,,,20131230,20131230,1,,,,CREFC,,1233827,1.46,1130941,1.33,,,N,,,,,8.49,377107.65,,,,,,N,,13000000,H,,,,,,,,,,,,,,,,,,,,WF,S
JPMBB13C17,,301410026,26,20160415,11420926.33,11406982.83,20160401,,0.050875,20231201,0.000113,,,,,0.000005,0.050757,,,,,50033.97,13943.5,63977.47,,,,,,,,,,,11406982.83,0,0,0,0,N,,,,,,,,,,,4514436,3078107,1436329,767730,1.87,0.79,20151231,3978461,2560729,1417732,767729,1.85,0.71,20141231,,,,,,,,,20131001,19000000,,,,,,,,,20131230,20131230,1,,,,CREFC,,1284435,1.67,1265838,1.65,,,X,,,,,,370427.73,,,,,,N,,11800000,S1,,,,,,,,,,,,,,,,,,,,WF,S
JPMBB13C17,,301410027,27,20160415,11199339.41,11183985.87,20160401,,0.04563,20181101,0.000113,,,,,0.000005,0.045512,,,,,44005,15353.54,59358.54,,,,,,,,,,,11183985.87,0,0,0,0,N,,,,,,,,,,,3456625,1734502,1722123,712302,2.42,0.89,20151231,2390304,1897928,492376,712302,0.69,0.91,20141231,,,,,,,,,20130619,15700000,,,,,,,,,20131230,20131230,1,,,,CREFC,,1570017,2.2,340270,0.48,,,N,,,,,10.09,301588.33,,,,,,N,,11629000,S2,,,,,,,,,,,,,,,,,,,,WF,S
JPMBB13C17,,301410028,28,20160415,11116971.71,11102845.58,20160401,,0.049,20231201,0.000113,,,,,0.000005,0.048882,,,,,46907.44,14126.13,61033.57,,,,,,,,,,,11102845.58,0,0,0,0,N,,,,,,,,,,,1257048,213967,1043081,732402,1.42,1,20151231,1260191,196054,1064137,732402,1.45,1,20141231,,,,,,,,,20130924,17080000,,,,,,,,,20131230,20131230,1,,,,CREFC,,984218,1.34,1005274,1.37,,,N,,,,,38.01,157461.4,,,,,,N,,11500000,S1,,,,,,,,,,,,,,,,,,,,WF,S
JPMBB13C17,,301410029,29,20160415,10843157.81,10830040.46,20160405,,0.0513,20231205,0.000113,,,,,0.000005,0.051182,,,,,47899.65,13117.35,61017,,,,,,,,,,,10830040.46,0,0,0,0,N,,,,,,,,,,,3758424,2483187,1275237,732204,1.74,0.71,20151231,,,,,,,,,,,,,,,,20131031,16500000,,,,,,,,,20131230,20131230,1,,,,CREFC,,1125028,1.54,,,,,N,,,,,,25597.7,,,,,,N,,11200000,S2,,,,,,,,,,,,,,,,,,,,WF,S
JPMBB13C17,,301410030,30,20160415,10132434.94,10119344.29,20160405,,0.0485,20231105,0.000413,,,,,0.000005,0.048082,,,,,42316.99,13090.65,55407.64,,,,,,,,,,,10119344.29,0,0,0,0,N,,,,,,,,,,,2051009,977523,1073486,664892,1.61,0.93,20141231,,,,,,,,1080980,472107,608873,332446,1.83,0.93,20150101,20150630,20131009,14500000,,,,,,,YN,,20131230,20131230,1,,,,CREFC,20150720,1015486,1.53,,,579873,1.74,X,,,,,2.57,74208.48,,,,,,N,,10500000,S2,,,,,,,,,,,,,,,,,,,,WF,S
JPMBB13C17,,301410031,31,20160415,9687813.5,9669217.94,20160401,,0.04722,20200731,0.000113,,,,,0.000005,0.047102,,,,,39392.26,18595.56,57987.82,,,,,,,,,,,9669217.94,0,0,0,0,N,,,,,,,,,,,2350520,867472,1483048,695853,2.13,0.97,20151231,2119633,915169,1204464,695854,1.73,0.97,20141231,,,,,,,,,20130908,14040000,,,,,,20181101,,,20131230,20131230,1,,,,CREFC,,1295808,1.86,1017224,1.46,,,N,,,,,81.58,30960.07,,,,,,N,,10200000,H,,,,,,,,,,,,,,,,,,,,WF,S
JPMBB13C17,,301410033,33,20160415,9717416.2,9707390.32,20160401,,0.052,20231201,0.000113,,,,,0.000005,0.051882,,,,,43512.43,10025.88,53538.31,,,,,,,,,,,9707390.32,0,0,0,0,N,,,,,,,,,,,1553733,549707,1004026,514041,1.95,0.93,20151231,1491914,565530,926384,514041,1.8,0.94,20141231,,,,,,,,,20130822,13000000,,,,,,,,,20131230,20131230,1,,,,CREFC,,964766,1.88,887124,1.73,,,N,,,,,,73082.22,,,,,,N,,9750000,S2,,,,,,,,,,,,,,,,,,,,WF,S
JPMBB13C17,,301410035,35,20160415,9148914.26,9137846.49,20160405,,0.0513,20231205,0.000688,,,,,0.000005,0.050607,,,,,40415.33,11067.77,51483.1,,,,,,,,,,,9137846.49,0,0,0,0,N,,,,,,,,,,,983231,292315,690916,617797,1.12,0.39,20151231,1126912,254233,872679,617797,1.41,0.91,20141231,,,,,,,,,20131022,12800000,,,,,,,,,20131230,20131230,1,,,,CREFC,,599924,0.97,781687,1.27,,,N,,,,,,,20160311,,,,,N,,9450000,N,,,,,,,,,,,,,,,,,,,,WF,S
JPMBB13C17,,301410038,38,20160415,8968438.95,8958649.98,20160405,,0.0496,20231205,0.000313,,,,,0.000005,0.049282,,,,,38305.2,9788.97,48094.17,,,,,,,,,,,8958649.98,0,0,0,0,N,,,,,,,,,,,925309,147469,777840,452600,1.72,0.86,20151231,862923,197467,665456,452600,1.47,1,20141231,,,,,,,,,20131125,12200000,,,,,,,YN,,20131230,20131230,1,,,,CREFC,,767517,1.7,655133,1.45,,,N,,,,,2.83,24093.78,,,,,,N,,9000000,S2,,,,,,,,,,,,,,,,,,,,WF,S
JPMBB13C17,,301410039,39,20160415,8700000,8700000,20160401,,0.0506,20231001,0.000113,,,,,0.000005,0.050482,,,,,37907.83,0,37907.83,,,,,,,,,,,8700000,0,0,0,0,N,,,,,,,,,,,1726075,653259,1072816,446334,2.4,0.9,20141231,,,,,,,,1373857,639661,734196,335056,2.19,0.89,20150101,20150930,20130910,14600000,,,,,,,YN,,20131230,20131230,1,,,,CREFC,,1043816,2.34,,,712446,2.13,X,,,,,,140857.66,,,,,,N,,8700000,S2,,,,,,,,,,,,,,,,,,,,WF,S
JPMBB13C17,,301410042,42,20160415,7941271.84,7931768.48,20160405,,0.0518,20231205,0.000488,,,,,0.000005,0.051307,,,,,35422.48,9503.36,44925.84,,,,,,,,,,,7931768.48,0,0,0,0,N,,,,,,,,,,,1285002,410489,874513,539110,1.62,0.92,20141231,,,,,,,,951566,332114,619452,404333,1.53,0.92,20150101,20150930,20131022,11400000,,,,,,,YN,,20131230,20131230,1,,,,CREFC,,874513,1.62,,,619452,1.53,N,,,,,,3468.6,,,,,,N,,8200000,N,,,,,,,,,,,,,,,,,,,,WF,S
JPMBB13C17,,301410045,45,20160415,7257307.34,7248375.43,20160405,,0.0505,20231205,0.000713,,,,,0.000005,0.049782,,,,,31559.21,8931.91,40491.12,,,,,,,,,,,7248375.43,0,0,0,0,N,,,,,,,,,,,1095094,362954,732140,485893,1.51,1,20151231,1189971,392320,797651,485893,1.64,0.86,20141231,,,,,,,,,20131104,10500000,,,,,,,,,20131230,20131230,1,,,,CREFC,,661820,1.36,727331,1.5,,,N,,,,,0.12,486978.19,,,,,,N,,7500000,S1,,,,,,,,,,,,,,,,,,,,WF,S
JPMBB13C17,,301410046,46,20160415,6945182.76,6936393.31,20160401,,0.04974,20231001,0.000113,,,,,0.000005,0.049622,,,,,29747.38,8789.45,38536.83,,,,,,,,,,,6936393.31,0,0,0,0,N,,,,,,,,,,,2666900,1393083,1273817,462441,2.75,0.61,20151231,2130824,1216901,913923,462442,1.98,0.53,20141231,,,,,,,,,20130701,12750000,,,,,,,YN,,20131230,20131230,1,,,,CREFC,,1185512,2.56,825618,1.79,,,X,,,,,3.41,184380.95,,,,,,N,,7200000,N,,,,,,,,,,,,,,,,,,,,WF,S
JPMBB13C17,,301410047,47,20160415,6873347.35,6865014.43,20160401,,0.0512,20231201,0.000113,,,,,0.000005,0.051082,,,,,30303.82,8332.92,38636.74,,,,,,,,,,,6865014.43,0,0,0,0,N,,,,,,,,,,,1306821,555490,751331,463641,1.62,0.86,20151231,1315971,563231,752740,463641,1.62,0.89,20141231,,,,,,,,,20130620,12100000,,,,,,,,,20131230,20131230,1,,,,CREFC,,733439,1.58,734848,1.58,,,N,,,,,,127948,,,,,,N,,7100000,S2,,,,,,,,,,,,,,,,,,,,WF,S
JPMBB13C17,,301410048,48,20160415,6769717.07,6761815.82,20160401,,0.0535,20231001,0.000113,,,,,0.000005,0.053382,,,,,31187.71,7901.25,39088.96,,,,,,,,,,,6761815.82,0,0,0,0,N,,,,,,,,,,,1387491,354431,1033060,469067,2.2,1,20151231,1244737,303363,941374,469067,2.01,1,20141231,,,,,,,,,20130409,10900000,,,,,,,YN,,20131230,20131230,1,,,,CREFC,,1002060,2.14,910374,1.94,,,N,,,,,4.52,77551.34,,,,,,N,,7000000,S2,,,,,,,,,,,,,,,,,,,,WF,S
JPMBB13C17,,301410049,49,20160415,6642536.89,6633331.62,20160401,,0.0451,20181101,0.000113,,,,,0.000005,0.044982,,,,,25797.03,9205.27,35002.3,,,,,,,,,,,6633331.62,0,0,0,0,N,,,,,,,,,,,1132661,654562,478099,420028,1.14,0.92,20151231,1206943,659549,547394,420028,1.3,0.81,20141231,,,,,,,,,20130723,9600000,,,,,,,YN,,20131230,20131230,1,,,,CREFC,,441178,1.05,510473,1.22,,,X,,,,,12.46,72446.67,20160411,,,,,N,,6900000,SH,,,,,,,,,,,,,,,,,,,,WF,S
JPMBB13C17,,301410050,50,20160415,5419529.11,5413142.36,20160401,,0.0528,20231101,0.000113,,,,,0.000005,0.052682,,,,,24640.79,6386.75,31027.54,,,,,,,,,,,5413142.36,0,0,0,0,N,,,,,,,,,,,925243,282036,643207,372330,1.73,0.98,20151231,893789,296437,597352,372330,1.6,0.97,20141230,,,,,,,,,20130827,7200000,,,,,,,,,20131230,20131230,1,,,,CREFC,,618407,1.66,572552,1.54,,,N,,,,,0.05,21779.19,,,,,,N,,5600000,S2,,,,,,,,,,,,,,,,,,,,WF,S
JPMBB13C17,,301410051,51,20160415,4982732.83,4976809.43,20160401,,0.0524,20231101,0.000113,,,,,0.000005,0.052282,,,,,22483.2,5923.4,28406.6,,,,,,,,,,,4976809.43,0,0,0,0,N,,,,,,,,,,,659352,238307,421045,340879,1.24,1,20140930,,,,,,,,680565,229359,451206,340879,1.32,1,20141001,20150930,20130829,8300000,,,,,,,YN,,20131230,20131230,1,,,,CREFC,,407703,1.2,,,437864,1.28,N,,,,,,1189,,,,,,N,,5150000,S2,,,,,,,,,,,,,,,,,,,,WF,S
JPMBB13C17,,301410053,53,20160415,4651192.7,4645734.8,20160405,,0.0527,20231205,0.000788,,,,,0.000005,0.051907,,,,,21107.37,5457.9,26565.27,,,,,,,,,,,4645734.8,0,0,0,0,N,,,,,,,,,,,679568,230344,449224,318783,1.41,1,20141231,,,,,,,,596522,193898,402624,239087,1.68,1,20150101,20150930,20131007,6910000,,,,,,,YN,,20131230,20131230,1,,,,CREFC,,440824,1.38,,,396324,1.66,N,,,,,,,,,,,,N,,4800000,N,,,,,,,,,,,,,,,,,,,,WF,S
JPMBB13C17,,301410055,55,20160415,4046835.98,4042223.74,20160401,,0.0526,20231101,0.000113,,,,,0.000005,0.052482,,,,,18329.92,4612.24,22942.16,,,,,,,,,,,4042223.74,0,0,0,0,N,,,,,,,,,,,781859,318999,462860,252156,1.84,0.94,20141231,,,,,,,,646456,243400,403056,206480,1.95,0.96,20150101,20150930,20130809,5700000,,,,,,,YN,,20131230,20131230,1,,,,CREFC,,451983,1.79,,,394899,1.91,N,,,,,,46556.75,,,,,,N,,4150000,N,,,,,,,,,,,,,,,,,,,,WF,S
JPMBB13C17,,301410057,57,20160415,3588195.67,3584104.14,20160401,,0.054,20231201,0.000113,,,,,0.000005,0.053882,,,,,16685.11,4091.53,20776.64,,,,,,,,,,,3584104.14,0,0,0,0,N,,,,,,,,,,,688036,231812,456224,249319,1.83,0.87,20151231,679170,236121,443049,249320,1.78,0.88,20141231,,,,,,,,,20131015,6150000,,,,,,,,,20131230,20131230,1,,,,CREFC,,410699,1.65,397524,1.59,,,N,,,,,0.9,67384.62,,,,,,N,,3700000,S2,,,,,,,,,,,,,,,,,,,,WF,S
JPMBB13C17,,301410060,60,20160415,3201070,3197452.23,20160401,,0.0544,20231201,0.000113,,,,,0.000005,0.054282,,,,,14995.23,3617.77,18613,,,,,,,,,,,3197452.23,0,0,0,0,N,,,,,,,,,,,667011,264807,402204,223356,1.8,0.89,20151231,681018,248713,432305,223356,1.94,0.94,20141231,,,,,,,,,20131004,4500000,,,,,,,,,20131230,20131230,1,,,,CREFC,,367804,1.65,397905,1.78,,,N,,,,,,103485.55,,,,,,N,,3300000,S2,,,,,,,,,,,,,,,,,,,,WF,S
JPMBB13C17,,301410062,62,20160415,2697272.58,2693627.57,20160401,,0.0474,20230701,0.000113,,,,,0.000005,0.047282,,,,,11009.37,3645.01,14654.38,,,,,,,,,,,2693627.57,0,0,0,0,N,,,,,,,,,,,904939,542599,362340,175852,2.06,0.97,20151231,857679,560787,296892,175853,1.69,0.96,20141231,,,,,,,,,20130425,3780000,,,,,,,,,20131230,20131230,1,,,,CREFC,,335340,1.91,269892,1.53,,,N,,,,,48.19,38332.95,20151013,,,,,N,,2812500,S2,,,,,,,,,,,,,,,,,,,,WF,S
JPMBB13C17,,301410063,63,20160415,2613429.8,2610465.84,20160401,,0.0548,20231001,0.000113,,,,,0.000005,0.054682,,,,,12332.48,2963.96,15296.44,,,,,,,,,,,2610465.84,0,0,0,0,N,,,,,,,,,,,443726,129881,313845,183557,1.71,1,20151231,371019,131951,239068,183557,1.3,0.97,20141231,,,,,,,,,20130617,3600000,,,,,,,,,20131230,20131230,1,,,,CREFC,,282647,1.54,207870,1.13,,,N,,,,,,77996.1,,,,,,N,,2700000,SH,,,,,,,,,,,,,,,,,,,,WF,S
JPMBB13C17,,301410064,64,20160415,2037294.1,2035001.86,20160401,,0.0546,20231201,0.000113,,,,,0.000005,0.054482,,,,,9578.68,2292.24,11870.92,,,,,,,,,,,2035001.86,0,0,0,0,N,,,,,,,,,,,367148,99376,267772,142451,1.88,1,20151231,374888,92741,282147,142452,1.98,1,20141231,,,,,,,,,20130626,2800000,,,,,,,,,20131230,20131230,1,,,,CREFC,,226604,1.59,240979,1.69,,,N,,,,,12.68,139389.76,,,,,,N,,2100000,S2,,,,,,,,,,,,,,,,,,,,WF,S
JPMBB13C17,,883100149,58,20160415,3285787.87,3280211.59,20160406,,0.055625,20230906,0.000113,,,,,0.000005,0.055507,,,,,15738.7,5576.28,21314.98,,,,,,,,,,,3280211.58,0,0,0,0,N,,,,,,,,,,,1024268,598386,425882,255780,1.67,0.99,20151231,989885,585556,404329,255780,1.58,0.97,20141231,,,,,,,,,20130725,5300000,,,,,,,YN,,20131230,20131230,1,,,,CREFC,,368282,1.44,346729,1.36,,,N,,,,,,11378.82,20150911,,,,,N,,3450000,S1,,,,,,,,,,,,,,,,,,,,WF,S
JPMBB13C17,,883100154,37,20160415,3525435.63,3519509.63,20160406,,0.0562,20230906,0.000113,,,,,0.000005,0.056082,,,,,17061.15,5926,22987.15,,,,,,,,,,,3519509.63,0,0,0,0,N,,,,,,,,,,,1380826,903144,477682,275846,1.73,0.98,20151231,1326127,905712,420415,275846,1.52,0.98,20141231,,,,,,,,,20130814,5800000,,,,,,,,,20131230,20131230,1,,,,CREFC,,405682,1.47,348415,1.26,,,N,,,,,,94202.52,,,,,,N,,3700000,S1,,,,,,,,,,,,,,,,,,,,WF,S
JPMBB13C17,,883100155,36,20160415,5192871.36,5184142.52,20160406,,0.0562,20230906,0.000113,,,,,0.000005,0.056082,,,,,25130.61,8728.84,33859.45,,,,,,,,,,,5184142.52,0,0,0,0,N,,,,,,,,,,,1762740,1173758,588982,406313,1.45,0.98,20141231,,,,,,,,1401543,794409,607134,304735,1.99,0.99,20150101,20150930,20130814,8300000,,,,,,,YN,,20131230,20131230,1,,,,CREFC,,494582,1.22,,,536334,1.76,N,,,,,,118719.67,,,,,,N,,5450000,S1,,,,,,,,,,,,,,,,,,,,WF,S
JPMBB13C17,,883100157,25,20160415,11449825.46,11430523.58,20160406,,0.0556,20231006,0.000113,,,,,0.000005,0.055482,,,,,54819.22,19301.88,74121.1,,,,,,,,,,,11430523.57,0,0,0,0,N,,,,,,,,,,,11075163,9491486,1583677,889453,1.78,0.54,20141228,,,,,,,,,,,,,,,,20130816,21600000,,,,,,,,,20131230,20131230,1,,,,CREFC,,1122981,1.26,,,,,N,,,,,,63937.01,20150511,,,,,N,,12000000,S2,,,,,,,,,,,,,,,,,,,,WF,S
JPMBB13C17,,883100162,15,20160415,23782372.61,23754523.32,20160406,,0.0485,20181006,0.000513,,,,,0.000005,0.047982,,,,,99324.44,27849.29,127173.73,,,,,,,,,,,23754523.32,0,0,0,0,N,,,,,,,,,,,6823158,3592939,3230219,1410253,2.29,0.87,20151231,6138418,3504935,2633483,1185085,2.22,0.89,20141231,,,,,,,,,20130826,34350000,,,,,,,,,20131230,20131230,1,,,,CREFC,20150721,3030719,2.15,2433983,2.05,,,N,,,,,,646200.31,,,,,,N,,24100000,S1,,,,,,,,,,,,,,,,,,,,WF,S
JPMBB13C17,,883100163,59,20160415,3199000.17,3193705.87,20160406,,0.0567,20231006,0.000113,,,,,0.000005,0.056582,,,,,15619.12,5294.3,20913.42,,,,,,,,,,,3193705.88,0,0,0,0,N,,,,,,,,,,,2118289,1444870,673419,250961,2.68,0.73,20141231,,,,,,,,1710682,1155310,555372,188220,2.95,0.74,20150101,20150930,20130726,6500000,,,,,,,YN,,20131230,20131230,1,,,,CREFC,,603118,2.4,,,502647,2.67,N,,,,,,101790.42,,,,,,N,,3350000,S1,,,,,,,,,,,,,,,,,,,,WF,S
JPMBB13C17,,883100164,6,20160415,46000000,46000000,20160406,,0.04955,20231106,0.000113,,,,,0.000005,0.049432,,,,,196273.06,0,196273.06,,,,,,,,,,,46000000,0,0,0,0,N,,,,,,,,,,,7488811,2165060,5323751,2310957,2.3,0.99,20151231,7143176,2124030,5019146,2310957,2.17,0.98,20141231,,,,,,,,,20130924,64600000,,,,,,,,,20131230,20131230,1,,,,CREFC,,4990783,2.16,4686178,2.03,,,N,,,,,,276547.76,,,,,,N,,46000000,S2,,,,,,,,,,,,,,,,,,,,WF,S
JPMBB13C17,,883100165,61,20160415,2853982.8,2850334.08,20160406,,0.049,20181106,0.000113,,,,,0.000005,0.048882,,,,,12042.22,3648.72,15690.94,,,,,,,,,,,2850334.08,0,0,0,0,N,,,,,,,,,,,614569,206635,407934,188291,2.17,0.89,20151231,577882,187519,390363,188291,2.07,0.89,20141231,,,,,,,,,20130730,4050000,,,,,,,,,20131230,20131230,1,,,,CREFC,20150507,399601,2.12,382030,2.03,,,N,,,,,,0.9,,,,,,N,,2956500,S1,,,,,,,,,,,,,,,,,,,,WF,S
JPMBB13C17,,883100166,52,20160415,4965843.62,4960127.7,20160406,,0.049,20181106,0.000513,,,,,0.000005,0.048482,,,,,20953.1,5715.92,26669.02,,,,,,,,,,,4960127.7,0,0,0,0,N,,,,,,,,,,,1409740,818183,591557,249645,2.37,0.94,20141231,,,,,,,,1143892,641563,502329,209954,2.39,0.91,20150101,20150930,20130828,6870000,,,,,,,YN,,20131230,20131230,1,,,,CREFC,,551557,2.21,,,472329,2.25,N,,,,,,39821.3,,,,,,N,,5025000,S2,,,,,,,,,,,,,,,,,,,,WF,S
JPMBB13C17,,883100167,43,20160415,7782292.23,7773334.45,20160406,,0.049,20181106,0.000513,,,,,0.000005,0.048482,,,,,32836.95,8957.78,41794.73,,,,,,,,,,,7773334.46,0,0,0,0,N,,,,,,,,,,,2184254,1225249,959005,391234,2.45,0.92,20141231,,,,,,,,1799934,928390,871544,329032,2.65,0.95,20150101,20150930,20130828,10550000,,,,,,,YN,,20131230,20131230,1,,,,CREFC,,871125,2.23,,,805634,2.45,N,,,,,,129962.64,,,,,,N,,7875000,S1,,,,,,,,,,,,,,,,,,,,WF,S
JPMBB13C17,,883100168,56,20160415,4017145.14,4012521.22,20160406,,0.049,20181106,0.000513,,,,,0.000005,0.048482,,,,,16950.12,4623.92,21574.04,,,,,,,,,,,4012521.22,0,0,0,0,N,,,,,,,,,,,1213009,712944,500065,201951,2.48,0.99,20141231,,,,,,,,983935,560608,423327,169843,2.49,0.95,20150101,20150930,20130828,5440000,,,,,,,YN,,20131230,20131230,1,,,,CREFC,,464065,2.3,,,396327,2.33,N,,,,,,66925.87,,,,,,N,,4065000,S1,,,,,,,,,,,,,,,,,,,,WF,S
JPMBB13C17,,883100169,40,20160415,8285309.77,8274828.43,20160406,,0.0495,20231106,0.000613,,,,,0.000005,0.048882,,,,,35316.13,10481.34,45797.47,,,,,,,,,,,8274828.43,0,0,0,0,N,,,,,,,,,,,1306256,548645,757611,549569,1.38,0.9,20141231,,,,,,,,635584,279697,355887,274784,1.3,0.88,20150101,20150630,20130827,11630000,,,,,,,YN,,20131230,20131230,1,,,,CREFC,,731582,1.33,,,342873,1.25,N,,,,,,62267.96,,,,,,N,,8580000,S2,,,,,,,,,,,,,,,,,,,,WF,S
JPMBB13C17,,883100170,34,20160415,9165052.54,9149307.05,20160406,,0.05408,20231106,0.000113,,,,,0.000005,0.053962,,,,,42680.63,15745.49,58426.12,,,,,,,,,,,9149307.05,0,0,0,0,N,,,,,,,,,,,2349361,1167004,1182357,701113,1.69,0.7,20151231,2190201,1053160,1137041,701113,1.62,0.66,20141231,,,,,,,,,20130717,15000000,,,,,,,YN,,20131230,20131230,1,,,,CREFC,,987039,1.41,941723,1.34,,,N,,,,,,81720.61,,,,,,N,,9600000,S1,,,,,,,,,,,,,,,,,,,,WF,S
JPMBB13C17,,883100171,17,20160415,17677744.76,17629034.11,20160406,,0.05121,20231106,0.000113,,,,,0.000005,0.051092,,,,,77954.43,48710.65,126665.08,,,,,,,,,,,17629034.11,0,0,0,0,N,,,,,,,,,,,3214831,1068984,2145847,1519980,1.41,0.98,20141231,,,,,,,,2503809,619249,1884560,1139985,1.65,0.98,20150101,20150930,20130614,28500000,,,,,,,YN,,20131230,20131230,1,,,,CREFC,,1899990,1.25,,,1700168,1.49,N,,,,,,295941.48,,,,,,N,,19000000,S1,,,,,,,,,,,,,,,,,,,,WF,S
JPMBB13C17,,883100172,5,20160415,46731753.4,46677153.79,20160406,,0.049655,20231206,0.000113,,,,,0.000005,0.049537,,,,,199817.84,54599.61,254417.45,,,,,,,,,,,46677153.79,0,0,0,0,N,,,,,,,,,,,13056582,6670647,6385935,3053009,2.09,0.81,20151231,12773272,6298761,6474511,2395398,2.7,0.85,20141231,,,,,,,,,20131023,73200000,,,,,,,,,20131230,20131230,1,,,,CREFC,,5927831,1.94,6016407,2.51,,,N,,,,,,613739.07,,,,,,N,,47580000,S1,,,,,,,,,,,,,,,,,,,,WF,S
JPMBB13C17,,883100173,23,20160415,13175417.56,13160434.63,20160406,,0.05442,20231106,0.000113,,,,,0.000005,0.054302,,,,,61742.2,14982.93,76725.13,,,,,,,,,,,13160434.63,0,0,0,0,N,,,,,,,,,,,3183284,1399798,1783486,920701,1.94,0.98,20151231,2894631,1467952,1426679,920702,1.55,0.96,20141231,,,,,,,,,20131030,23200000,,,,,,,,,20131230,20131230,1,,,,CREFC,,1692011,1.84,1335204,1.45,,,N,,,,,,442282.74,,,,,,N,,13600000,S1,,,,,,,,,,,,,,,,,,,,WF,S
JPMBB13C17,,883100180,16,20160415,21000000,21000000,20160406,,0.04836,20231206,0.000113,,,,,0.000005,0.048242,,,,,87451,0,87451,,,,,,,,,,,21000000,0,0,0,0,N,,,,,,,,,,,3417828,1570323,1847505,1029665,1.79,0.8,20141231,,,,,,,,2859395,1344655,1514740,772954,1.96,0.92,20150101,20150930,20130916,30000000,,,,,,,YN,,20131230,20131230,1,,,,CREFC,,1611729,1.57,,,1337909,1.73,X,,,,,,57787.6,,,,,,N,,21000000,S2,,,,,,,,,,,,,,,,,,,,WF,S
JPMBB13C17,,883100181,14,20160415,24511390.32,24483792.07,20160406,,0.04825,20231206,0.000613,,,,,0.000005,0.047632,,,,,101841.42,27598.25,129439.67,,,,,,,,,,,24483792.07,0,0,0,0,N,,,,,,,,,,,4183461,1458574,2724887,1203435,2.26,0.85,20141231,,,,,,,,2744074,1147716,1596358,903401,1.77,0.89,20150101,20150930,20131021,40500000,,,,,,,YN,,20131230,20131230,1,,,,CREFC,,2591398,2.15,,,1496242,1.66,X,,,,,,457354.92,,,,,,N,,24600000,S2,,,,,,,,,,,,,,,,,,,,WF,S
JPMBB13C17,,883100182,22,20160415,13356633.61,13340325.1,20160406,,0.05087,20231206,0.000113,,,,,0.000005,0.050752,,,,,58508.36,16308.51,74816.87,,,,,,,,,,,13340325.1,0,0,0,0,N,,,,,,,,,,,3137581,1654697,1482884,897802,1.65,0.91,20151231,3106318,1601454,1504864,897802,1.68,0.94,20141231,,,,,,,,,20131008,18500000,,,,,,,YN,,20131230,20131230,1,,,,CREFC,,1206386,1.34,1228366,1.37,,,N,,,,,,297170.65,,,,,,N,,13800000,S2,,,,,,,,,,,,,,,,,,,,WF,S
JPMBB13C17,,883100183,54,20160415,4164854.09,4159891.61,20160406,,0.052,20231206,0.000113,,,,,0.000005,0.051882,,,,,18649.29,4962.48,23611.77,,,,,,,,,,,4159891.61,0,0,0,0,N,,,,,,,,,,,1013479,321427,692052,283341,2.44,0.85,20141231,,,,,,,,776534,241443,535091,212506,2.52,0.89,20150101,20150930,20131009,7700000,,,,,,,YN,,20131230,20131230,1,,,,CREFC,,685781,2.42,,,530388,2.5,N,,,,,,14640.97,,,,,,N,,4300000,S1,,,,,,,,,,,,,,,,,,,,WF,S
JPMBB13C17,,883100184,41,20160415,8297122.19,8288541.34,20160406,,0.0519,20231206,0.000113,,,,,0.000005,0.051782,,,,,37081.22,8580.85,45662.07,,,,,,,,,,,8288541.34,0,0,0,0,N,,,,,,,,,,,1013455,249262,764193,438068,1.74,0.88,20141231,,,,,,,,783185,162883,620302,328851,1.89,0.84,20150101,20150930,,11100000,,,,,,,YN,,20131230,20131230,3,,,,CREFC,,744793,1.7,,,605752,1.84,N,,,,,,45320.11,,,,,,N,,8325000,S1,,,,,,,,,,,,,,,,,,,,WF,S
JPMBB13C17,,883100186,32,20160415,9593265.77,9582016.05,20160306,,0.05273,20231206,0.000113,,,,,0.000005,0.052612,,,,,43559.56,11249.72,54809.28,,,,,,,,,,,9593265.78,54767.98,0,0,B,N,,,,,,,,,,,1495034,639352,855682,657711,1.3,0.79,20151231,1602897,605834,997063,657711,1.52,0.93,20141231,,,,,,,,,20131025,13200000,,,,,,,,,20131230,20131230,1,,,,CREFC,,735524,1.12,876905,1.33,,,N,,,,,,94942.88,,,,,,N,,9900000,S1,,,,,,,,,,,,,,,,,,,,WF,S
JPMBB13C17,,883100187,44,20160415,7182866.17,7163141.21,20160406,,0.05086,20231206,0.000113,,,,,0.000005,0.050742,,,,,31458.16,19724.96,51183.12,,,,,,,,,,,7163141.21,0,0,0,0,N,,,,,,,,,,,951905,168371,783534,614197,1.28,1,20151228,1011331,244551,766780,614197,1.25,1,20141231,,,,,,,,,20131010,11850000,,,,,,,,,20131230,20131230,1,,,,CREFC,20150224,741540,1.21,724786,1.18,,,N,,,,,,77990.09,,,,,,N,,7700000,S2,,,,,,,,,,,,,,,,,,,,WF,S
