JPMBB13C17,,301410001,1,20170616,113285661.4,113113066,20170601,,0.04366,20240101,0.000113,,,,,0.000005,0.043542,,,,,425910.03,172595.44,598505.47,,0,,,,,,0,,0,113113066,0,0,0,0,N,,,,,,,,,,,34335056,11571783,22763273,13167120,1.7287,0.95,20161231,32881212,11354670,21526542,13167120,1.6348,0.93,20151231,8739198,2948443,5790755,3291780,1.7591,0.94,20170101,20170331,20131115,366000000,,,,,,,YN,,20131230,20131230,1,,,,CREFC,,21863571,1.6604,20626840,1.5665,5565830,1.6908,X,,,,,0,,,0,0,0,,N,,220000000,S2,,,,,,,,,,,0,,,,0,,,,,WF,S,20170512,20170612,N,,,,,,,0,JPMBB13C17,,,,,
JPMBB13C17,,301410002,2,20170616,91855267.8,91744773.05,20170601,,0.049127,20231101,0.000213,,,,,0.000005,0.048909,,,,,388582.74,110494.75,499077.49,,0,,,,,,0,,0,91744773.05,0,0,0,0,N,,,,,,,,,,,12141824,1963547,10178277,5988930,1.6995,1,20161231,11988589,2178753,9809836,4893600,2.0046,1,20151231,2996864,519299,2477565,1497235,1.6547,1,20170101,20170331,,125500000,,,,,,,YN,,20131230,20131230,7,,,,CREFC,,9211869,1.5381,8843428,1.8071,2235967,1.4933,X,,,,,727.15,698397.87,,0,0,0,,N,,93900000,H,,,,,,,,,,,0,,,,0,,,,,WF,S,20170512,20170612,N,,,,,,,0,JPMBB13C17,,,,,
JPMBB13C17,,301171001,3,20170616,88009725.42,87902011.44,20170601,,0.0483334,20231101,0.000113,,,,,0.000005,0.0482154,,,,,366300.24,107713.98,474014.22,,0,,,,,,0,,0,87902011.44,0,0,0,0,N,,,,,,,,,,,23100956,8232921,14868035,14220427,1.0455,0.95,20161231,23030082,8148531,14881551,11553417,1.288,0.93,20151231,5446380,1746158,3700222,3555106,1.0408,0.92,20170101,20170331,20130910,365000000,,,,,,,YN,,20131230,20131230,1,,,,CREFC,,14806035,1.0411,14819551,1.2826,3684722,1.0364,X,,,,,0,,20170213,0,0,0,,N,,225000000,H,,,,,,,,,,,0,,,,0,,,,,WF,S,20170512,20170612,N,,,,,,,0,JPMC13C16,,,,,
JPMBB13C17,,301410004,4,20170616,71615871.13,71529438.62,20170601,,0.0487,20231201,0.000113,,,,,0.000005,0.048582,,,,,300329.11,86432.51,386761.62,,0,,,,,,0,,0,71529438.62,0,0,0,0,N,,,,,,,,,,,14732991,5783379,8949612,4641139,1.9283,0.98,20161231,14392983,5780830,8612153,3610648,2.3852,0.96,20151231,4057319,1374826,2682493,1160285,2.3119,0.97,20170101,20170331,20131015,123000000,,,,,,,YN,,20131230,20131230,1,,,,CREFC,,7399686,1.5943,7062227,1.9559,2295012,1.9779,N,,,,,0,1336033.85,,0,0,0,,N,,73125000,H,,,,,,,,,,,0,,,,0,,,,,WF,S,20170512,20170612,N,,,,,,,0,JPMBB13C17,,,,,
JPMBB13C17,,883100172,5,20170616,45893581.18,45835397.67,20170606,,0.049655,20231206,0.000113,,,,,0.000005,0.049537,,,,,196233.94,58183.51,254417.45,,0,,,,,,0,,0,45835397.67,0,0,0,0,N,,,,,,,,,,,13790441,6933965,6856476,3053009,2.2458,0.82,20161231,13056582,6545807,6510775,3053009,2.1325,0.81,20151231,2982383,1662585,1319798,763252,1.7291,0.78,20170101,20170331,20131023,73200000,,,,,,,YN,,20131230,20131230,1,,,,CREFC,,6398372,2.0957,6052671,1.9825,1205272,1.5791,N,,,,,0,708791.73,,0,0,0,,N,,47580000,S1,,,,,,,,,,,0,,,,0,,,,,WF,S,20170512,20170612,N,,,,,,,0,JPMBB13C17,,,,,
JPMBB13C17,,883100164,6,20170616,45668558.92,45617743.38,20170606,,0.04955,20231106,0.000113,,,,,0.000005,0.049432,,,,,194858.86,50815.54,245674.4,,0,,,,,,0,,0,45617743.38,0,0,0,0,N,,,,,,,,,,,7736939,2356535,5380404,2373022,2.2673,1,20161231,7488811,2165060,5323751,2310957,2.3036,0.99,20151231,1929225,556006,1373219,737023,1.8631,1,20170101,20170331,20130924,64600000,,,,,,,YN,,20131230,20131230,1,,,,CREFC,,5047436,2.127,4990783,2.1596,1289978,1.7502,N,,,,,0,76339.37,,0,0,0,,N,,46000000,S2,,,,,,,,,,,0,,,,0,,,,,WF,S,20170512,20170612,N,,,,,,,0,JPMBB13C17,,,,,
JPMBB13C17,,301410007,7,20170616,30775148.05,30740629.75,20170601,,0.0492,20231101,0.000413,,,,,0.000005,0.048782,,,,,130384.04,34518.3,164902.34,,0,,,,,,0,,0,30740629.75,0,0,0,0,N,,,,,,,,,,,3710260,845419,2864841,1588422,1.8035,1,20161231,3686014,934238,2751776,1546383,1.7794,0.83,20151231,,,,,,,,,20130918,51000000,,,,,,,,,20131230,20131230,1,,,,CREFC,,2727535,1.7171,2614470,1.6907,,,X,,,,,117.17,14353.27,,0,0,0,,N,,31000000,S1,,,,,,,,,,,0,,,,0,,,,,WF,S,20170512,20170612,N,,,,,,,0,JPMBB13C17,,,,,
JPMBB13C17,,301410008,8,20170616,29822066.84,29789329.02,20170601,,0.049875,20231201,0.000313,,,,,0.000005,0.049557,,,,,128079.56,32737.82,160817.38,,0,,,,,,0,,0,29789329.02,0,0,0,0,N,,,,,,,,,,,4752140,2320912,2431228,1521188,1.5982,0.89,20161231,5409637,2686564,2723073,1517031,1.795,0.89,20151231,,,,,,,,,20131009,39000000,,,,,,,,,20131230,20131230,1,,,,CREFC,,2155225,1.4168,2447070,1.613,,,X,,,,,2106.21,1954868.78,,0,0,0,,N,,30000000,S2,,,,,,,,,,,0,,,,0,,,,,WF,S,20170512,20170612,N,,,,,,,0,JPMBB13C17,,,,,
JPMBB13C17,,301410009,9,20170616,28385431.25,28345781.67,20170601,,0.048675,20231101,0.000113,,,,,0.000005,0.048557,,,,,118976.35,39649.58,158625.93,,0,,,,,,0,,0,28345781.67,0,0,0,0,N,,,,,,,,,,,4215205,2182822,2032383,1903511,1.0677,0.77,20151231,4995104,2540764,2454340,1903511,1.2893,0.83,20141231,2810291,1458605,1351686,951755,1.4202,0.8,20160101,20160630,20130918,43000000,,,,,,,YN,,20131230,20131230,1,,,,CREFC,20150410,1742409,0.9153,2164366,1.137,1206698,1.2678,X,,,,,574.48,1165070.93,,0,0,0,,N,,30000000,S1,,,,,,,,,,,0,,,,0,,,,,WF,S,20170512,20170612,N,,,,,,,0,JPMBB13C17,,,,,
JPMBB13C17,,301410013,13,20170616,25375000,25375000,20170601,,0.0474,20231201,0.000113,,,,,0.000005,0.047282,,,,,103572.29,0,103572.29,,0,,,,,,0,,0,25375000,0,0,0,0,N,,,,,,,,,,,4555870,1897065,2658805,1222821,2.1743,0.82,20161231,5202385,2444507,2757878,1219480,2.2615,0.85,20151231,1387508,499167,888341,300694,2.9543,0.86,20170101,20170331,20131010,39600000,,,,,,,YN,,20131230,20131230,1,,,,CREFC,,2106481,1.7226,2205554,1.8086,750260,2.495,N,,,,,0,697620.85,,0,0,0,,N,,25375000,SH,,,,,,,,,,,0,,,,0,,,,,WF,S,20170512,20170612,N,,,,,,,0,JPMBB13C17,,,,,
JPMBB13C17,,883100181,14,20170616,24087824.3,24058466.19,20170606,,0.04825,20231206,0.000613,,,,,0.000005,0.047632,,,,,100081.56,29358.11,129439.67,,0,,,,,,0,,0,24058466.19,0,0,0,0,N,,,,,,,,,,,3669711,1294883,2374828,1553276,1.5289,0.9,20161231,3604271,1546619,2057652,1203435,1.7098,0.89,20151231,988623.71,360904.9,627718.81,388319.01,1.6165,0.95,20170101,20170331,20131021,40500000,,,,,,,YN,,20131230,20131230,1,,,,CREFC,,2241339,1.4429,1924163,1.5988,594347.81,1.5305,X,,,,,0,73992.94,,0,0,0,,N,,24600000,S2,,,,,,,,,,,0,,,,0,,,,,WF,S,20170512,20170612,N,,,,,,,0,JPMBB13C17,,,,,
JPMBB13C17,,883100162,15,20170616,23355802.75,23326171.94,20170606,,0.0485,20181006,0.000513,,,,,0.000005,0.047982,,,,,97542.92,29630.81,127173.73,,0,,,,,,0,,0,23326171.94,0,0,0,0,N,,,,,,,,,,,7134663,3588341,3546322,1526085,2.3238,0.92,20161231,6823158,3592939,3230219,1410253,2.2905,0.87,20151231,1773267,985686,787581,381521,2.0643,0.89,20170101,20170331,20130826,34350000,,,,,,,YN,,20131230,20131230,1,,,,CREFC,20150721,3346822,2.193,3030719,2.149,737706,1.9335,N,,,,,0,324771.57,20160613,0,0,0,,N,,24100000,S1,,,,,,,,,,,0,,,,0,,,,,WF,S,20170512,20170612,N,,,,,,,0,JPMBB13C17,,,,,
JPMBB13C17,,883100180,16,20170616,20871777.61,20848057.5,20170606,,0.04836,20231206,0.000113,,,,,0.000005,0.048242,,,,,86917.04,23720.11,110637.15,,0,,,,,,0,,0,20848057.5,0,0,0,0,N,,,,,,,,,,,4083391,1636155,2447236,1032486,2.3702,0.92,20161231,3881750,1781319,2100431,1029665,2.0399,0.93,20151231,1047610,403346,644264,331911,1.941,0.92,20170101,20170331,20130916,30000000,,,,,,,YN,,20131230,20131230,1,,,,CREFC,,2211460,2.1418,1864655,1.8109,585322,1.7634,X,,,,,0,132684.2,,0,0,0,,N,,21000000,S2,,,,,,,,,,,0,,,,0,,,,,WF,S,20170512,20170612,N,,,,,,,0,JPMBB13C17,,,,,
JPMBB13C17,,883100171,17,20170616,16955799.21,16903904.97,20170606,,0.05121,20231106,0.000113,,,,,0.000005,0.051092,,,,,74770.84,51894.24,126665.08,,0,,,,,,0,,0,16903904.97,0,0,0,0,N,,,,,,,,,,,3261680,933129,2328551,1519980,1.5319,0.98,20161231,3332506,948332,2384174,1519980,1.5685,0.98,20151231,673561,195828,477733,379995,1.2572,1,20170101,20170331,20130614,28500000,,,,,,,YN,,20131230,20131230,1,,,,CREFC,,2082694,1.3702,2138317,1.4068,416270,1.0954,N,,,,,0,468125.5,,0,0,0,,N,,19000000,S1,,,,,,,,,,,0,,,,0,,,,,WF,S,20170512,20170612,N,,,,,,,0,JPMBB13C17,,,,,
JPMBB13C17,,301410018,18,20170616,16000000,16000000,20170601,,0.0482,20231101,0.000113,,,,,0.000005,0.048082,,,,,66408.89,0,66408.89,,0,,,,,,0,,0,16000000,0,0,0,0,N,,,,,,,,,,,2695848,554554,2141294,784053,2.731,1,20161231,2714565,528468,2186097,781911,2.7958,1,20151231,841528,170511,671017,192800,3.4803,1,20170101,20170331,20130926,29000000,,,,,,,YN,,20131230,20131230,1,,,,CREFC,20140528,1987168,2.5344,2031971,2.5987,632486,3.2805,N,,,,,0,,,0,0,0,,N,,16000000,H,,,,,,,,,,,0,,,,0,,,,,WF,S,20170512,20170612,N,,,,,,,0,JPMBB13C17,,,,,
JPMBB13C17,,301410019,19,20170616,14889696.2,14872718.26,20170601,,0.048475,20231101,0.000113,,,,,0.000005,0.048357,,,,,62153.11,16977.94,79131.05,,0,,,,,,0,,0,14872718.26,0,0,0,0,N,,,,,,,,,,,3617394,1831488,1785906,774299,2.3064,0.95,20161231,3492397,1813750,1678647,737224,2.2769,0.95,20151231,932420,459280,473140,237393,1.993,0.96,20170101,20170331,20130822,22700000,,,,,,,YN,,20131230,20131230,1,,,,CREFC,,1680906,2.1708,1573647,2.1345,446890,1.8824,X,,,,,0,17501.36,,0,0,0,,N,,15000000,S2,,,,,,,,,,,0,,,,0,,,,,WF,S,20170512,20170612,N,,,,,,,0,JPMBB13C17,,,,,
JPMBB13C17,,301410020,20,20170616,13936246.07,13917967.15,20170601,,0.0512,20240101,0.000113,,,,,0.000005,0.051082,,,,,61443.36,18278.92,79722.28,,0,,,,,,0,,0,13917967.15,0,0,0,0,N,,,,,,,,,,,2640059,948057,1692002,956667,1.7686,1,20161231,2538372,871188,1667184,956667,1.7427,1,20151231,688104,261565,426539,239166,1.7834,1,20170101,20170331,20131111,19940000,,,,,,,YN,,20131230,20131230,1,,,,CREFC,,1673002,1.7487,1648184,1.7228,421789,1.7635,N,,,,,11.92,70821.47,,0,0,0,,N,,14650000,N,,,,,,,,,,,0,,,,0,,,,,WF,S,20170512,20170612,N,,,,,,,0,JPMBB13C17,,,,,
JPMBB13C17,,883100182,22,20170616,13106422.58,13089018.03,20170606,,0.05087,20231206,0.000113,,,,,0.000005,0.050752,,,,,57412.32,17404.55,74816.87,,0,,,,,,0,,0,13089018.03,0,0,0,0,N,,,,,,,,,,,3281482,1635900,1645582,897802,1.8329,0.97,20161231,3137581,1654697,1482884,897802,1.6516,0.91,20151231,,,,,,,,,20131008,18500000,,,,,,,,,20131230,20131230,1,,,,CREFC,,1369084,1.5249,1206386,1.3437,,,N,,,,,0,386207.3,,0,0,0,,N,,13800000,S2,,,,,,,,,,,0,,,,0,,,,,WF,S,20170512,20170612,N,,,,,,,0,JPMBB13C17,,,,,
JPMBB13C17,,883100173,23,20170616,12942990.56,12926918.44,20170606,,0.05442,20231106,0.000113,,,,,0.000005,0.054302,,,,,60653.01,16072.12,76725.13,,0,,,,,,0,,0,12926918.44,0,0,0,0,N,,,,,,,,,,,3358895,1498283,1860612,920701,2.0208,0.94,20161231,3183284,1399798,1783486,920701,1.937,0.98,20151231,838952,373561,465391,230175,2.0219,0.93,20170101,20170331,20131030,23200000,,,,,,,YN,,20131230,20131230,1,,,,CREFC,,1769137,1.9215,1692011,1.8377,442523,1.9225,N,,,,,0,464510.35,,0,0,0,,N,,13600000,S1,,,,,,,,,,,0,,,,0,,,,,WF,S,20170512,20170612,N,,,,,,,0,JPMBB13C17,,,,,
JPMBB13C17,,301410024,24,20170616,12330238.42,12313811.56,20170601,,0.051024,20231101,0.000113,,,,,0.000005,0.050906,,,,,54175.78,16426.86,70602.64,,0,,,,,,0,,0,12313811.56,0,0,0,0,N,,,,,,,,,,,3393887,1629798,1764089,847231,2.0821,0.8,20161231,3222935,1665309,1557626,847231,1.8384,0.78,20151231,3484858,1687010,1797848,847231,2.122,0.84,20160401,20170331,20130924,18100000,,,,,,,TN,,20131230,20131230,1,,,,CREFC,,1440290,1.6999,1233827,1.4563,1474049,1.7398,N,,,,,8.49,443829.49,,0,0,0,,N,,13000000,H,,,,,,,,,,,0,,,,0,,,,,WF,S,20170512,20170612,N,,,,,,,0,JPMBB13C17,,,,,
JPMBB13C17,,301410026,26,20170616,11206996.74,11192116.03,20170601,,0.050875,20231201,0.000113,,,,,0.000005,0.050757,,,,,49096.76,14880.71,63977.47,,0,,,,,,0,,0,11192116.03,0,0,0,0,N,,,,,,,,,,,4936329,2898387,2037942,767730,2.6545,0.82,20161231,4514436,3089894,1424542,767730,1.8555,0.79,20151231,1160177,724628,435549,191932,2.2692,0.79,20170101,20170331,20131001,19000000,,,,,,,YN,,20131230,20131230,1,,,,CREFC,,1886048,2.4566,1272648,1.6576,397575,2.0714,X,,,,,0,585470.91,,0,0,0,,N,,11800000,S1,,,,,,,,,,,0,,,,0,,,,,WF,S,20170512,20170612,N,,,,,,,0,JPMBB13C17,,,,,
JPMBB13C17,,883100157,25,20170616,11156739.62,11136034.51,20170206,,0.0556,20231006,0.000113,0.0025,,,,0.000005,0.052982,,,,,53415.99,20705.11,74121.1,,0,,,,,,0,,0,11225143.04,296297.91,103443.98,500000,3,N,,,,,,,,,,,11120001,9729149,1390852,889453,1.5637,0.55,20151231,11075163,9491486,1583677,889453,1.7805,0.54,20141228,10742404,9536379,1206025,889453,1.3559,0.53,20151001,20160925,20130816,21600000,0,20170323,,,,,TN,,20131230,20131230,1,,,,CREFC,,930156,1.0457,1122981,1.2625,745329,0.8379,N,,,,,1735.18,64437.1,,2401.8,0,0,,N,,12000000,S2,,,,,,,,,,,0,,,H,0,,,,,WF,S,20170512,20170612,N,N,,,,0,,0,JPMBB13C17,,,,0,0
JPMBB13C17,,301410027,27,20170616,10967363.27,10951098.24,20170601,,0.04563,20181101,0.000113,,,,,0.000005,0.045512,,,,,43093.51,16265.03,59358.54,,0,,,,,,0,,0,10951098.24,0,0,0,0,N,,,,,,,,,,,3177369,1718871,1458498,712302,2.0475,0.83,20161231,3456625,1734502,1722123,712302,2.4176,0.89,20151231,792938,443336,349602,178075,1.9632,0.83,20170101,20170331,20130619,15700000,,,,,,,YN,,20131230,20131230,1,,,,CREFC,,1306392,1.834,1570017,2.2041,311576,1.7496,N,,,,,10.09,458037.95,,0,0,0,,N,,11629000,N,,,,,,,,,,,0,,,,0,,,,,WF,S,20170512,20170612,N,,,,,,,0,JPMBB13C17,,,,,
JPMBB13C17,,301410028,28,20170616,10901457.12,10886421.64,20170601,,0.049,20231201,0.000113,,,,,0.000005,0.048882,,,,,45998.09,15035.48,61033.57,,0,,,,,,0,,0,10886421.64,0,0,0,0,N,,,,,,,,,,,1293892,225919,1067973,732402,1.4581,1,20161231,1257048,213967,1043081,732402,1.4241,1,20151231,326584,55743,270841,183100,1.4791,1,20170101,20170331,20130924,17080000,,,,,,,YN,,20131230,20131230,1,,,,CREFC,,1009110,1.3778,984218,1.3438,256126,1.3988,N,,,,,38.01,226204.27,,0,0,0,,N,,11500000,S1,,,,,,,,,,,0,,,,0,,,,,WF,S,20170512,20170612,N,,,,,,,0,JPMBB13C17,,,,,
JPMBB13C17,,301410029,29,20170616,10641638.16,10627630.6,20170605,,0.0513,20231205,0.000113,,,,,0.000005,0.051182,,,,,47009.44,14007.56,61017,,0,,,,,,0,,0,10627630.6,0,0,0,0,N,,,,,,,,,,,3496016,2565690,930326,732204,1.2705,0.67,20161231,3758424,2483187,1275237,732204,1.7416,0.71,20151231,761271,561709,199562,183051,1.0901,0.6,20170101,20170331,20131031,16500000,,,,,,,YN,,20131230,20131230,1,,,,CREFC,,780117,1.0654,1125028,1.5364,162010,0.885,N,,,,,0,49242,20161011,0,0,0,,N,,11200000,S2,,,,,,,,,,,0,,,,0,,,,,WF,S,20170512,20170612,N,,,,,,,0,JPMBB13C17,,,,,
JPMBB13C17,,301410010,10,20170616,9933526.1,9922586.45,20170601,,0.05,20231101,0.000588,,,,,0.000005,0.049407,,,,,42769.35,10939.65,53709,,0,,,,,,0,,0,9922586.45,0,0,0,0,N,,,,,,,,,,,3360973,1678875,1682098,520609,3.231,0.96,20161231,3101479,1620281,1481198,507198,2.9203,0.96,20151231,906964.98,414890.05,492074.93,161127.52,3.0539,0.96,20170101,20170331,20130918,17300000,,,,,,,YN,,20131230,20131230,1,,,,CREFC,,1530215,2.9392,1329315,2.6208,454103.3,2.8182,X,,,,,50.84,134808.31,,0,0,0,,N,,10005000,S1,,,,,,,,,,,0,,,,0,,,,,WF,S,20170512,20170612,N,,,,,,,0,JPMBB13C17,,,,,
JPMBB13C17,,301410030,30,20170616,9933075.74,9919152.49,20170605,,0.0485,20231105,0.000413,,,,,0.000005,0.048082,,,,,41484.39,13923.25,55407.64,,0,,,,,,0,,0,9919152.49,0,0,0,0,N,,,,,,,,,,,2105601.15,966778.7,1138822.45,664891.68,1.7127,0.97,20161231,2071835,877790,1194045,664892,1.7958,0.9,20151231,570069,234574,335495,166222,2.0183,0.95,20170101,20170331,20131009,14500000,,,,,,,YN,,20131230,20131230,1,,,,CREFC,20150720,1080822.45,1.6255,1136045,1.7086,320995,1.9311,X,,,,,36.53,9503.96,,0,0,0,,N,,10500000,S2,,,,,,,,,,,0,,,,0,,,,,WF,S,20170512,20170612,N,,,,,,,0,JPMBB13C17,,,,,
JPMBB13C17,,301410033,33,20170616,9561510.99,9550787,20170601,,0.052,20231201,0.000113,,,,,0.000005,0.051882,,,,,42814.32,10723.99,53538.31,,0,,,,,,0,,0,9550787,0,0,0,0,N,,,,,,,,,,,1645215.12,628461.19,1016753.93,642459,1.5825,0.93,20161231,1553733,549707,1004026,514041,1.9532,0.93,20151231,403648.65,185283.48,218365.17,160614,1.3595,0.95,20170101,20170331,20130822,13000000,,,,,,,YN,,20131230,20131230,1,,,,CREFC,,977493.93,1.5214,964766,1.8768,208550.17,1.2984,N,,,,,3.56,12996.83,,0,0,0,,N,,9750000,S2,,,,,,,,,,,0,,,,0,,,,,WF,S,20170512,20170612,N,,,,,,,0,JPMBB13C17,,,,,
JPMBB13C17,,883100186,32,20170616,9419649.54,9407611.49,20170606,,0.05273,20231206,0.000113,,,,,0.000005,0.052612,,,,,42771.23,12038.05,54809.28,,0,,,,,,0,,0,9407611.5,0,0,0,0,N,,,,,,,,,,,1428456,612608,815848,657711,1.2404,0.79,20161231,1495034,639352,855682,657711,1.3009,0.79,20151231,,,,,,,,,20131025,13200000,,,,,,,,,20131230,20131230,1,,,,CREFC,,695690,1.0577,735524,1.1183,,,N,,,,,0,43681.67,20160711,0,0,0,,N,,9900000,S1,,,,,,,,,,,0,,,,0,,,,,WF,S,20170512,20170612,N,,,,,,,0,JPMBB13C17,,,,,
JPMBB13C17,,301410031,31,20170616,9410271.47,9390547.38,20170601,,0.04722,20200731,0.000113,,,,,0.000005,0.047102,,,,,38263.73,19724.09,57987.82,,0,,,,,,0,,0,9390547.38,0,0,0,0,N,,,,,,,,,,,2404072,926933,1477139,695853,2.1227,0.94,20161231,2350520,867472,1483048,695853,2.1312,0.97,20151231,619457,233803,385654,173963,2.2168,0.94,20170101,20170331,20130908,14040000,,,,,,20181101,YN,,20131230,20131230,1,,,,CREFC,,1289899,1.8536,1295808,1.8621,338844,1.9477,N,,,,,81.58,70128.74,,0,0,0,,N,,10200000,H,,,,,,,,,,,0,,,,0,,,,,WF,S,20170512,20170612,N,,,,,,,0,JPMBB13C17,,,,,
JPMBB13C17,,301410011,11,20170616,9238526.77,9228352.51,20170601,,0.05,20231101,0.000588,,,,,0.000005,0.049407,,,,,39776.99,10174.26,49951.25,,0,,,,,,0,,0,9228352.51,0,0,0,0,N,,,,,,,,,,,2998594,1539770,1458824,484184,3.0129,0.95,20161231,2732988,1472307,1260681,471712,2.6725,0.96,20151231,808291.75,355071.93,453219.82,149854.21,3.0244,0.95,20170101,20170331,20130918,17400000,,,,,,,YN,,20131230,20131230,1,,,,CREFC,,1337736,2.7628,1139593,2.4158,422947.71,2.8223,X,,,,,38.58,100399.37,,0,0,0,,N,,9305000,S1,,,,,,,,,,,0,,,,0,,,,,WF,S,20170512,20170612,N,,,,,,,0,JPMBB13C17,,,,,
JPMBB13C17,,301410035,35,20170616,8978881.96,8967063.07,20170605,,0.0513,20231205,0.000688,,,,,0.000005,0.050607,,,,,39664.21,11818.89,51483.1,,0,,,,,,0,,0,8967063.07,0,0,0,0,N,,,,,,,,,,,553289,248911,304378,617797,0.4926,0.39,20161231,983231,292315,690916,617797,1.1183,0.39,20151231,111731,87542,24189,154449,0.1566,0.39,20170101,20170331,20131022,12800000,,,,,,,YN,,20131230,20131230,1,,,,CREFC,,213386,0.3453,599924,0.971,1441,0.0093,N,,,,,0,1086502.46,20160311,0,0,0,,N,,9450000,N,,,,,,,,,,,0,,,,0,,,,,WF,S,20170512,20170612,N,,,,,,,0,JPMBB13C17,,,,,
JPMBB13C17,,883100170,34,20170616,8926704.09,8909848.64,20170606,,0.05408,20231106,0.000113,,,,,0.000005,0.053962,,,,,41570.67,16855.45,58426.12,,0,,,,,,0,,0,8909848.64,0,0,0,0,N,,,,,,,,,,,,,,,,,,2349361,1167004,1182357,701113,1.6864,0.7,20151231,535986,265972,270014,175278,1.5404,0.77,20170101,20170330,20130717,15000000,,,,,,,YN,,20131230,20131230,1,,,,CREFC,,,,987039,1.4078,221185,1.2619,N,,,,,0,83681.14,,0,0,0,,N,,9600000,S1,,,,,,,,,,,0,,,,0,,,,,WF,S,20170512,20170612,N,,,,,,,0,JPMBB13C17,,,,,
JPMBB13C17,,301410012,12,20170616,8876134.27,8866359.11,20170601,,0.05,20231101,0.000588,,,,,0.000005,0.049407,,,,,38216.69,9775.16,47991.85,,0,,,,,,0,,0,8866359.11,0,0,0,0,N,,,,,,,,,,,2857043,1392293,1464750,465191,3.1487,0.97,20161231,2569474,1385898,1183576,453208,2.6115,0.94,20151231,759249,388073.84,371175.16,143975.72,2.578,0.97,20170101,20170331,20130918,15200000,,,,,,,YN,,20131230,20131230,1,,,,CREFC,,1365831,2.936,1084657,2.3932,346444.77,2.4062,X,,,,,35.31,70145.82,,0,0,0,,N,,8940000,S1,,,,,,,,,,,0,,,,0,,,,,WF,S,20170512,20170612,N,,,,,,,0,JPMBB13C17,,,,,
JPMBB13C17,,301410038,38,20170616,8817516.76,8807083.18,20170605,,0.0496,20231205,0.000313,,,,,0.000005,0.049282,,,,,37660.59,10433.58,48094.17,,0,,,,,,0,,0,8807083.18,0,0,0,0,N,,,,,,,,,,,942186,147554,794632,577130,1.3768,0.86,20161231,925309,147469,777840,452600,1.7186,0.86,20151231,261495,35616,225879,144282,1.5655,0.86,20170101,20170331,20131125,12200000,,,,,,,YN,,20131230,20131230,1,,,,CREFC,,784309,1.3589,767517,1.6957,223298,1.5476,N,,,,,2.83,30984.7,,0,0,0,,N,,9000000,S2,,,,,,,,,,,0,,,,0,,,,,WF,S,20170512,20170612,N,,,,,,,0,JPMBB13C17,,,,,
JPMBB13C17,,301410039,39,20170616,8700000,8700000,20170601,,0.0506,20231001,0.000113,,,,,0.000005,0.050482,,,,,37907.83,0,37907.83,,0,,,,,,0,,0,8700000,0,0,0,0,N,,,,,,,,,,,1782888,823225,959663,446335,2.15,0.89,20151231,1726075,653259,1072816,446334,2.4036,0.9,20141231,826039,441761,384278,223778,1.7172,0.89,20160101,20160630,20130910,14600000,,,,,,,YN,,20131230,20131230,1,,,,CREFC,,930663,2.0851,1043816,2.3386,369778,1.6524,X,,,,,0,93680.42,,0,0,0,,N,,8700000,S2,,,,,,,,,,,0,,,,0,,,,,WF,S,20170512,20170612,N,,,,,,,0,JPMBB13C17,,,,,
JPMBB13C17,,883100184,41,20170616,8163736.98,8154560.01,20170606,,0.0519,20231206,0.000113,,,,,0.000005,0.051782,,,,,36485.1,9176.97,45662.07,,0,,,,,,0,,0,8154560.01,0,0,0,0,N,,,,,,,,,,,1068096,222636,845460,438069,1.9299,0.83,20151231,1013455,249262,764193,438068,1.7444,0.88,20141231,786360,165929,620431,410959,1.5097,0.81,20160101,20160930,,11100000,,,,,,,YN,,20131230,20131230,3,,,,CREFC,,826060,1.8856,744793,1.7001,605883,1.4743,N,,,,,0,13250.44,,0,0,0,,N,,8325000,S2,,,,,,,,,,,0,,,,0,,,,,WF,S,20170512,20170612,N,,,,,,,0,JPMBB13C17,,,,,
JPMBB13C17,,883100169,40,20170616,8125223.46,8114059.75,20170606,,0.0495,20231106,0.000613,,,,,0.000005,0.048882,,,,,34633.76,11163.71,45797.47,,0,,,,,,0,,0,8114059.76,0,0,0,0,N,,,,,,,,,,,1264555,612302,652253,549569,1.1868,0.8,20161231,1327414,582526,744888,549569,1.3554,0.96,20151231,,,,,,,,,20130827,11630000,,,,,,,YN,,20131230,20131230,1,,,,CREFC,,626224,1.1394,718859,1.308,,,N,,,,,0,41505.06,,0,0,0,,N,,8580000,S2,,,,,,,,,,,0,,,,0,,,,,WF,S,20170512,20170612,N,,,,,,,0,JPMBB13C17,,,,,
JPMBB13C17,,301410042,42,20170616,7795043.87,7784888.26,20170605,,0.0518,20231205,0.000488,,,,,0.000005,0.051307,,,,,34770.23,10155.61,44925.84,,0,,,,,,0,,0,7784888.26,0,0,0,0,N,,,,,,,,,,,1404849,409444,995405,539110,1.8463,1,20161231,1338974,388308,950666,539110,1.7633,0.92,20151231,361145,102967,258178,134778,1.9155,1,20170101,20170331,20131022,11400000,,,,,,,YN,,20131230,20131230,1,,,,CREFC,,931029,1.7269,886290,1.6439,242084,1.7961,N,,,,,0,110496.37,,0,0,0,,N,,8200000,N,,,,,,,,,,,0,,,,0,,,,,WF,S,20170512,20170612,N,,,,,,,0,JPMBB13C17,,,,,
JPMBB13C17,,883100167,43,20170616,7644813.7,7635275.84,20170606,,0.049,20181106,0.000513,,,,,0.000005,0.048482,,,,,32256.87,9537.86,41794.73,,0,,,,,,0,,0,7635275.85,0,0,0,0,N,,,,,,,,,,,2550831,1310806,1240025,501537,2.4724,0.92,20161231,2418544,1325402,1093142,454416,2.4055,0.96,20151231,619437,325531,293906,125384,2.344,0.94,20170101,20170331,20130828,10550000,,,,,,,YN,,20131230,20131230,1,,,,CREFC,,1152145,2.2972,1005262,2.2122,271936,2.1688,N,,,,,0,121834.85,,0,0,0,,N,,7875000,S1,,,,,,,,,,,0,,,,0,,,,,WF,S,20170512,20170612,N,,,,,,,0,JPMBB13C17,,,,,
JPMBB13C17,,301410045,45,20170616,7120426.07,7110898.91,20170605,,0.0505,20231205,0.000713,,,,,0.000005,0.049782,,,,,30963.96,9527.16,40491.12,,0,,,,,,0,,0,7110898.91,0,0,0,0,N,,,,,,,,,,,822802,339992,482810,485893,0.9936,1,20161231,1095094,362954,732140,485893,1.5067,1,20151231,257476,90854,166622,121473,1.3716,1,20170101,20170331,20131104,10500000,,,,,,,YN,,20131230,20131230,1,,,,CREFC,,412490,0.8489,661820,1.362,149042,1.2269,N,,,,,0.13,562971.27,20160811,0,0,0,,N,,7500000,S1,,,,,,,,,,,0,,,,0,,,,,WF,S,20170512,20170612,N,,,,,,,0,JPMBB13C17,,,,,
JPMBB13C17,,883100187,44,20170616,6890605.16,6869600.21,20170506,,0.05086,20231206,0.000113,,,,,0.000005,0.050742,,,,,30178.17,21004.95,51183.12,,0,,,,,,0,,0,6890605.16,51153.45,0,0,B,N,,,,,,,,,,,968954,177071,791883,614197,1.2892,1,20161231,951905,168371,783534,614197,1.2757,1,20151228,242293,43671,198622,153549,1.2935,1,20170101,20170331,20131010,11850000,,,,,,,YN,,20131230,20131230,1,,,,CREFC,20150224,749889,1.2209,741540,1.2073,188124,1.2251,N,,,,,0,102501.66,,0,0,0,,N,,7700000,S2,,,,,,,,,,,0,,,,0,,,,,WF,S,20170512,20170612,N,,,,,,,0,JPMBB13C17,,,,,
JPMBB13C17,,301410046,46,20170616,6810885.09,6801520.42,20170601,,0.04974,20231001,0.000113,,,,,0.000005,0.049622,,,,,29172.16,9364.67,38536.83,,0,,,,,,0,,0,6801520.42,0,0,0,0,N,,,,,,,,,,,2657417,1422453,1234964,462441,2.6705,0.6,20161231,2666900,1393083,1273817,462441,2.7545,0.61,20151231,593838,320501,273337,115610,2.3643,0.53,20170101,20170331,20130701,12750000,,,,,,,YN,,20131230,20131230,1,,,,CREFC,,1146659,2.4795,1185512,2.5635,251261,2.1733,X,,,,,49.33,273038.44,,0,0,0,,N,,7200000,N,,,,,,,,,,,0,,,,0,,,,,WF,S,20170512,20170612,N,,,,,,,0,JPMBB13C17,,,,,
JPMBB13C17,,301410047,47,20170616,6745370.05,6736472.9,20170601,,0.0512,20231201,0.000113,,,,,0.000005,0.051082,,,,,29739.59,8897.15,38636.74,,0,,,,,,0,,0,6736472.9,0,0,0,0,N,,,,,,,,,,,1332953,509319,823634,463641,1.7764,0.88,20161231,1306821,555490,751331,463641,1.6205,0.86,20151231,348956,126089,222867,115911,1.9227,0.85,20170101,20170331,20130620,12100000,,,,,,,YN,,20131230,20131230,1,,,,CREFC,,805742,1.7378,733439,1.5819,218394,1.8841,N,,,,,0,148822,20161212,0,0,0,,N,,7100000,S2,,,,,,,,,,,0,,,,0,,,,,WF,S,20170512,20170612,N,,,,,,,0,JPMBB13C17,,,,,
JPMBB13C17,,301410048,48,20170616,6647569.96,6639105.99,20170601,,0.0535,20231001,0.000113,,,,,0.000005,0.053382,,,,,30624.99,8463.97,39088.96,,0,,,,,,0,,0,6639105.99,0,0,0,0,N,,,,,,,,,,,1498257,338885,1159372,469067,2.4716,1,20161231,1387491,354431,1033060,469067,2.2023,1,20151231,325993,91430,234563,117266,2.0002,1,20170101,20170331,20130409,10900000,,,,,,,YN,,20131230,20131230,1,,,,CREFC,,1128372,2.4055,1002060,2.1362,226813,1.9341,N,,,,,4.52,113753.92,,0,0,0,,N,,7000000,S2,,,,,,,,,,,0,,,,0,,,,,WF,S,20170512,20170612,N,,,,,,,0,JPMBB13C17,,,,,
JPMBB13C17,,301410049,49,20170616,6503649.04,6493904.38,20170601,,0.0451,20181101,0.000113,,,,,0.000005,0.044982,,,,,25257.64,9744.66,35002.3,,0,,,,,,0,,0,6493904.38,0,0,0,0,N,,,,,,,,,,,1272947.66,655214.35,617733.31,420027.44,1.4706,0.94,20161231,1132661,654562,478099,420028,1.1382,0.92,20151231,,,,,,,,,20130723,9600000,,,,,,,,,20131230,20131230,1,,,,CREFC,,580811.81,1.3827,441178,1.0503,,,X,,,,,12.46,22795.87,,0,0,0,,N,,6900000,SF,,,,,,,,,,,0,,,,0,,,,,WF,S,20170512,20170612,N,,,,,,,0,JPMBB13C17,,,,,
JPMBB13C17,,301410050,50,20170616,5320982.63,5314147.82,20170601,,0.0528,20231101,0.000113,,,,,0.000005,0.052682,,,,,24192.73,6834.81,31027.54,,0,,,,,,0,,0,5314147.82,0,0,0,0,N,,,,,,,,,,,961178,306996,654182,372330,1.7569,1,20161231,925243,282036,643207,372330,1.7275,0.98,20151231,260116,67727,192389,93083,2.0668,1,20170101,20170331,20130827,7200000,,,,,,,YN,,20131230,20131230,1,,,,CREFC,,629382,1.6903,618407,1.6609,186189,2.0002,N,,,,,0.05,16533.36,,0,0,0,,N,,5600000,S2,,,,,,,,,,,0,,,,0,,,,,WF,S,20170512,20170612,N,,,,,,,0,JPMBB13C17,,,,,
JPMBB13C17,,883100155,36,20170616,5060196.77,5050825.86,20170606,,0.0562,20230906,0.000113,,,,,0.000005,0.056082,,,,,24488.54,9370.91,33859.45,,0,,,,,,0,,0,5050825.86,0,0,0,0,N,,,,,,,,,,,1936150,1084000,852150,406313,2.0972,0.98,20161231,1877232,1084674,792558,406313,1.9506,0.98,20151231,473366,274159,199207,101578,1.9611,0.99,20170101,20170331,20130814,8300000,,,,,,,YN,,20131230,20131230,1,,,,CREFC,,757750,1.8649,698158,1.7182,175607,1.7287,N,,,,,0,65521.14,,0,0,0,,N,,5450000,S1,,,,,,,,,,,0,,,,0,,,,,WF,S,20170512,20170612,N,,,,,,,0,JPMBB13C17,,,,,
JPMBB13C17,,301410051,51,20170616,4891453.13,4885117.85,20170601,,0.0524,20231101,0.000113,,,,,0.000005,0.052282,,,,,22071.32,6335.28,28406.6,,0,,,,,,0,,0,4885117.85,0,0,0,0,N,,,,,,,,,,,709966,261052,448914,340879,1.3169,1,20161231,680565,229359,451206,340879,1.3236,1,20150930,184649,59603,125046,85219,1.4673,1,20170101,20170331,20130829,8300000,,,,,,,YN,,20131230,20131230,1,,,,CREFC,,435572,1.2777,437864,1.2845,121711,1.4282,N,,,,,0,1763,,0,0,0,,N,,5150000,S2,,,,,,,,,,,0,,,,0,,,,,WF,S,20170512,20170612,N,,,,,,,0,JPMBB13C17,,,,,
JPMBB13C17,,883100166,52,20170616,4878119.18,4872033.11,20170606,,0.049,20181106,0.000513,,,,,0.000005,0.048482,,,,,20582.95,6086.07,26669.02,,0,,,,,,0,,0,4872033.11,0,0,0,0,N,,,,,,,,,,,1603615,839661,763954,320028,2.3871,0.93,20161231,1506915,893378,613537,289960,2.1159,0.93,20151231,410666,201989,208677,80007,2.6082,0.89,20170101,20170331,20130828,6870000,,,,,,,YN,,20131230,20131230,1,,,,CREFC,,723954,2.2621,573537,1.9779,198677,2.4832,N,,,,,0,50808.04,,0,0,0,,N,,5025000,S2,,,,,,,,,,,0,,,,0,,,,,WF,S,20170512,20170612,N,,,,,,,0,JPMBB13C17,,,,,
JPMBB13C17,,301410053,53,20170616,4566969.52,4561129.41,20170605,,0.0527,20231205,0.000788,,,,,0.000005,0.051907,,,,,20725.16,5840.11,26565.27,,0,,,,,,0,,0,4561129.41,0,0,0,0,N,,,,,,,,,,,786810,282642,504168,318783,1.5815,1,20161231,,,,,,,,,,,,,,,,20131007,6910000,,,,,,,,,20131230,20131230,1,,,,CREFC,,495768,1.5551,,,,,N,,,,,0,49474.56,,0,0,0,,N,,4800000,N,,,,,,,,,,,0,,,,0,,,,,WF,S,20170512,20170612,N,,,,,,,0,JPMBB13C17,,,,,
JPMBB13C17,,883100183,54,20170616,4088448.03,4083143.42,20170606,,0.052,20231206,0.000113,,,,,0.000005,0.051882,,,,,18307.16,5304.61,23611.77,,0,,,,,,0,,0,4083143.42,0,0,0,0,N,,,,,,,,,,,1192735,367296,825439,283341,2.9132,0.85,20161231,1053063,334313,718750,283341,2.5366,0.88,20151231,287245,87987,199258,70835,2.8129,0.85,20170101,20170331,20131009,7700000,,,,,,,YN,,20131230,20131230,1,,,,CREFC,,819168,2.8911,712479,2.5145,197690,2.7908,N,,,,,0,21963.73,,0,0,0,,N,,4300000,S1,,,,,,,,,,,0,,,,0,,,,,WF,S,20170512,20170612,N,,,,,,,0,JPMBB13C17,,,,,
JPMBB13C17,,301410055,55,20170616,3975536.27,3970601.08,20170601,,0.0526,20231101,0.000113,,,,,0.000005,0.052482,,,,,18006.97,4935.19,22942.16,,0,,,,,,0,,0,3970601.08,0,0,0,0,N,,,,,,,,,,,1098818,385626,713192,275306,2.5905,0.9,20161231,861942,342038,519904,275306,1.8884,0.9,20151231,334082,111579,222503,68826,3.2328,0.94,20170101,20170331,20130809,5700000,,,,,,,YN,,20131230,20131230,1,,,,CREFC,20160502,702315,2.551,509027,1.8489,219784,3.1933,N,,,,,0,39377.25,,0,0,0,,N,,4150000,N,,,,,,,,,,,0,,,,0,,,,,WF,S,20170512,20170612,N,,,,,,,0,JPMBB13C17,,,,,
JPMBB13C17,,883100168,56,20170616,3946180.04,3941256.69,20170606,,0.049,20181106,0.000513,,,,,0.000005,0.048482,,,,,16650.69,4923.35,21574.04,,0,,,,,,0,,0,3941256.69,0,0,0,0,N,,,,,,,,,,,1430635,750161,680474,258888,2.6284,0.93,20161231,1323025,762527,560498,234565,2.3895,0.93,20151231,351771,176668,175103,64722,2.7054,0.9,20170101,20170331,20130828,5440000,,,,,,,YN,,20131230,20131230,1,,,,CREFC,,644474,2.4893,524498,2.236,166103,2.5664,N,,,,,0,51644.86,,0,0,0,,N,,4065000,S1,,,,,,,,,,,0,,,,0,,,,,WF,S,20170512,20170612,N,,,,,,,0,JPMBB13C17,,,,,
JPMBB13C17,,301410057,57,20170616,3524785.39,3520399,20170601,,0.054,20231201,0.000113,,,,,0.000005,0.053882,,,,,16390.25,4386.39,20776.64,,0,,,,,,0,,0,3520399,0,0,0,0,N,,,,,,,,,,,705422,243160,462262,249319,1.854,0.91,20161231,688036,231812,456224,249319,1.8298,0.87,20151231,183654,56204,127450,62330,2.0447,0.91,20170101,20170331,20131015,6150000,,,,,,,YN,,20131230,20131230,1,,,,CREFC,,416737,1.6715,410699,1.6472,116069,1.8621,N,,,,,2.45,95286.92,,0,0,0,,N,,3700000,S2,,,,,,,,,,,0,,,,0,,,,,WF,S,20170512,20170612,N,,,,,,,0,JPMBB13C17,,,,,
JPMBB13C17,,883100154,37,20170616,3435362.98,3429001.08,20170606,,0.0562,20230906,0.000113,,,,,0.000005,0.056082,,,,,16625.25,6361.9,22987.15,,0,,,,,,0,,0,3429001.08,0,0,0,0,N,,,,,,,,,,,1368145,876769,491376,275846,1.7813,0.98,20161231,1380826,903144,477682,275846,1.7316,0.98,20151231,350576,246064,104512,68962,1.5155,0.94,20170101,20170331,20130814,5800000,,,,,,,YN,,20131230,20131230,1,,,,CREFC,,419376,1.5203,405682,1.4706,86512,1.2544,N,,,,,0,117892.92,,0,0,0,,N,,3700000,S1,,,,,,,,,,,0,,,,0,,,,,WF,S,20170512,20170612,N,,,,,,,0,JPMBB13C17,,,,,
JPMBB13C17,,883100149,58,20170616,3201140.69,3195158.95,20170606,,0.055625,20230906,0.000113,,,,,0.000005,0.055507,,,,,15333.24,5981.74,21314.98,,0,,,,,,0,,0,3195158.94,0,0,0,0,N,,,,,,,,,,,1047061,568696,478365,255780,1.8702,0.94,20161231,1024268,598386,425882,255780,1.665,0.99,20151231,,,,,,,,,20130725,5300000,,,,,,,,,20131230,20131230,1,,,,CREFC,,420765,1.645,368282,1.4398,,,N,,,,,0,43166.54,20150911,0,0,0,,N,,3450000,S1,,,,,,,,,,,0,,,,0,,,,,WF,S,20170512,20170612,N,,,,,,,0,JPMBB13C17,,,,,
JPMBB13C17,,301410060,60,20170616,3144926.02,3141045.25,20170601,,0.0544,20231201,0.000113,,,,,0.000005,0.054282,,,,,14732.23,3880.77,18613,,0,,,,,,0,,0,3141045.25,0,0,0,0,N,,,,,,,,,,,624894,282455,342439,223356,1.5331,0.98,20161231,667011,264807,402204,223356,1.8007,0.89,20151231,173731.49,59485.68,114245.81,55839,2.0459,0.94,20170101,20170331,20131004,4500000,,,,,,,YN,,20131230,20131230,1,,,,CREFC,,308039,1.3791,367804,1.6467,105645.81,1.8919,N,,,,,0,55741.89,,0,0,0,,N,,3300000,S2,,,,,,,,,,,0,,,,0,,,,,WF,S,20170512,20170612,N,,,,,,,0,JPMBB13C17,,,,,
JPMBB13C17,,883100163,59,20170616,3118407.56,3112719.76,20170606,,0.0567,20231006,0.000113,,,,,0.000005,0.056582,,,,,15225.62,5687.8,20913.42,,0,,,,,,0,,0,3112719.77,0,0,0,0,N,,,,,,,,,,,2485543,1706667,778876,250961,3.1035,0.79,20161231,2359355,1481591,877764,250961,3.4976,0.78,20151231,,,,,,,,,20130726,6500000,,,,,,,,,20131230,20131230,1,,,,CREFC,,708575,2.8234,807463,3.2174,,,N,,,,,0,211829.72,,0,0,0,,N,,3350000,S2,,,,,,,,,,,0,,,,0,,,,,WF,S,20170512,20170612,N,,,,,,,0,JPMBB13C17,,,,,
JPMBB13C17,,883100165,61,20170616,2798335.74,2794452.22,20170606,,0.049,20181106,0.000113,,,,,0.000005,0.048882,,,,,11807.42,3883.52,15690.94,,0,,,,,,0,,0,2794452.22,0,0,0,0,N,,,,,,,,,,,642532,255193,387339,188291,2.0571,0.92,20161231,614569,206635,407934,188291,2.1665,0.89,20151231,655565,259074,396491,188291,2.1057,0.95,20160401,20170331,20130730,4050000,,,,,,,TN,,20131230,20131230,1,,,,CREFC,20150507,379006,2.0128,399601,2.1222,388158,2.0614,N,,,,,0,0.9,,0,0,0,,N,,2956500,S2,,,,,,,,,,,0,,,,0,,,,,WF,S,20170512,20170612,N,,,,,,,0,JPMBB13C17,,,,,
JPMBB13C17,,301410062,62,20170616,2641999.05,2638128.43,20170601,,0.0474,20230701,0.000113,,,,,0.000005,0.047282,,,,,10783.76,3870.62,14654.38,,0,,,,,,0,,0,2638128.43,0,0,0,0,N,,,,,,,,,,,942807.38,513857.85,428949.53,175852,2.4392,0.99,20161231,904939,542599,362340,175852,2.0604,0.97,20151231,,,,,,,,,20130425,3780000,,,,,,,,,20131230,20131230,1,,,,CREFC,,401949.53,2.2857,335340,1.9069,,,N,,,,,56.55,25346.52,20151013,0,0,0,,N,,2812500,S2,,,,,,,,,,,0,,,,0,,,,,WF,S,20170512,20170612,N,,,,,,,0,JPMBB13C17,,,,,
JPMBB13C17,,301410063,63,20170616,2567409.81,2564228.69,20170601,,0.0548,20231001,0.000113,,,,,0.000005,0.054682,,,,,12115.32,3181.12,15296.44,,0,,,,,,0,,0,2564228.69,0,0,0,0,N,,,,,,,,,,,485739,113152,372587,183557,2.0298,1,20161231,443726,129881,313845,183557,1.7097,1,20151231,115410,33282,82128,45889,1.7897,1,20170101,20170331,20130617,3600000,,,,,,,YN,,20131230,20131230,1,,,,CREFC,,341389,1.8598,282647,1.5398,74329,1.6197,N,,,,,0,114394.28,,0,0,0,,N,,2700000,S1,,,,,,,,,,,0,,,,0,,,,,WF,S,20170512,20170612,N,,,,,,,0,JPMBB13C17,,,,,
JPMBB13C17,,301410064,64,20170616,2001696.5,1999236.89,20170601,,0.0546,20231201,0.000113,,,,,0.000005,0.054482,,,,,9411.31,2459.61,11870.92,,0,,,,,,0,,0,1999236.89,0,0,0,0,N,,,,,,,,,,,367149,98230,268919,142451,1.8878,1,20161231,367148,99376,267772,142451,1.8797,1,20151231,91788,23399,68389,35612,1.9203,1,20170101,20170331,20130626,2800000,,,,,,,YN,,20131230,20131230,1,,,,CREFC,,227751,1.5988,226604,1.5907,58097,1.6313,N,,,,,12.68,147288.14,,0,0,0,,N,,2100000,S2,,,,,,,,,,,0,,,,0,,,,,WF,S,20170512,20170612,N,,,,,,,0,JPMBB13C17,,,,,
JPMBB13C17,,301410021,21,20161216,0,0,,,,,,,,,,,,,,,,,,,,,,20161205,,,9,,,,,,,,,N,,,,,,,,,,,,,,,,,,,,,,,,,,,,,,,,,,,,,,,,,,,,,,,,,,,,,,,,,,,,,,,,,0,,0,,,,,,,,,,,,,,,,,,,,,,,,,,,20170512,20170612,,,,,,,,,,,,,,
