JPMBB13C17,,301410001,1,20171215,112212676.5,112022438.1,20171201,,0.04366,20240101,0.000113,,,,,0.000005,0.043542,,,,,408267.12,190238.35,598505.47,,0,,,,,,0,,0,112022438.1,0,0,0,0,N,,,,,,,,,,,34335056,11571783,22763273,13167120,1.7287,0.95,20161231,32881212,11354670,21526542,13167120,1.6348,0.93,20151231,26861974,9653661,17208313,9875340,1.7425,0.95,20170101,20170930,20131115,366000000,,,,,,,YN,,20131230,20131230,1,,,,CREFC,,21863571,1.6604,20626840,1.5665,16533537,1.6742,X,,,,,0,,,0,0,0,,N,,220000000,S2,,,,,,,,,,,0,,,,0,,,,,WF,S,20171114,20171211,N,,,,,,,0,JPMBB13C17
JPMBB13C17,,301410002,2,20171215,91159989.78,91034113.69,20171201,,0.049127,20231101,0.000213,,,,,0.000005,0.048909,,,,,373201.4,125876.09,499077.49,,0,,,,,,0,,0,91034113.69,0,0,0,0,N,,,,,,,,,,,12141824,1963547,10178277,5988930,1.6995,1,20161231,11988589,2178753,9809836,4893600,2.0046,1,20151231,9164199,1493362,7670837,4491694,1.7077,1,20170101,20170930,,125500000,,,,,,,YN,,20131230,20131230,7,,,,CREFC,,9211869,1.5381,8843428,1.8071,6946034,1.5464,X,,,,,727.15,1226659.75,,0,0,0,,N,,93900000,H,,,,,,,,,,,0,,,,0,,,,,WF,S,20171114,20171211,N,,,,,,,0,JPMBB13C17
JPMBB13C17,,301171001,3,20171215,87332874.83,87210618.51,20171201,,0.0483334,20231101,0.000113,,,,,0.000005,0.0482154,,,,,351757.9,122256.32,474014.22,,0,,,,,,0,,0,87210618.51,0,0,0,0,N,,,,,,,,,,,23100956,8232921,14868035,14220427,1.0455,0.95,20161231,23030082,8148531,14881551,11553417,1.288,0.93,20151231,16571719,5875833,10695886,10665320,1.0028,0.93,20170101,20170930,20130910,365000000,,,,,,,YN,,20131230,20131230,1,,,,CREFC,,14806035,1.0411,14819551,1.2826,10649386,0.9985,X,,,,,0,,20170213,0,0,0,,N,,225000000,H,,,,,,,,,,,0,,,,0,,,,,WF,S,20171114,20171211,N,,,,,,,0,JPMC13C16
JPMBB13C17,,301410004,4,20171215,71072288.87,70973962.29,20171201,,0.0487,20231201,0.000113,,,,,0.000005,0.048582,,,,,288435.04,98326.58,386761.62,,0,,,,,,0,,0,70973962.29,0,0,0,0,N,,,,,,,,,,,14732991,5783379,8949612,4641139,1.9283,0.98,20161231,14392983,5780830,8612153,3610648,2.3852,0.96,20151231,11966624,4416594,7550030,3480854,2.169,1,20170101,20170930,20131015,123000000,,,,,,,YN,,20131230,20131230,1,,,,CREFC,,7399686,1.5943,7062227,1.9559,6387587,1.835,N,,,,,0,2700647.05,,0,0,0,,N,,73125000,H,,,,,,,,,,,0,,,,0,,,,,WF,S,20171114,20171211,N,,,,,,,0,JPMBB13C17
JPMBB13C17,,883100172,5,20171215,45527972.24,45461945.75,20171206,,0.049655,20231206,0.000113,,,,,0.000005,0.049537,,,,,188390.96,66026.49,254417.45,,0,,,,,,0,,0,45461945.75,0,0,0,0,N,,,,,,,,,,,13790441,6933965,6856476,3053009,2.2458,0.82,20161231,13056582,6545807,6510775,3053009,2.1325,0.81,20151231,11681004,5526541,6154463,2289756,2.6878,0.87,20170101,20170930,20131023,73200000,,,,,,,YN,,20131230,20131230,1,,,,CREFC,,6398372,2.0957,6052671,1.9825,5810885,2.5377,N,,,,,0,876201.19,,0,0,0,,N,,47580000,S1,,,,,,,,,,,0,,,,0,,,,,WF,S,20171114,20171211,N,,,,,,,0,JPMBB13C17
JPMBB13C17,,883100164,6,20171215,45347724.77,45289298.68,20171206,,0.04955,20231106,0.000113,,,,,0.000005,0.049432,,,,,187248.31,58426.09,245674.4,,0,,,,,,0,,0,45289298.68,0,0,0,0,N,,,,,,,,,,,7736939,2356535,5380404,2373022,2.2673,1,20161231,7488811,2165060,5323751,2310957,2.3036,0.99,20151231,5811499,1647577,4163922,2211070,1.8832,1,20170101,20170930,20130924,64600000,,,,,,,YN,,20131230,20131230,1,,,,CREFC,,5047436,2.127,4990783,2.1596,3914196,1.7702,N,,,,,0,98396.72,,0,0,0,,N,,46000000,S2,,,,,,,,,,,0,,,,0,,,,,WF,S,20171114,20171211,N,,,,,,,0,JPMBB13C17
JPMBB13C17,,301410007,7,20171215,30557355.23,30517738.05,20171201,,0.0492,20231101,0.000413,,,,,0.000005,0.048782,,,,,125285.16,39617.18,164902.34,,0,,,,,,0,,0,30517738.05,0,0,0,0,N,,,,,,,,,,,3710260,845419,2864841,1588422,1.8035,1,20161231,3686014,934238,2751776,1546383,1.7794,0.83,20151231,3487616,688491,2799125,1484121,1.886,1,20170101,20170930,20130918,51000000,,,,,,,YN,,20131230,20131230,1,,,,CREFC,,2727535,1.7171,2614470,1.6907,2696146,1.8166,X,,,,,117.17,19035.4,,0,0,0,,N,,31000000,S1,,,,,,,,,,,0,,,,0,,,,,WF,S,20171114,20171211,N,,,,,,,0,JPMBB13C17
JPMBB13C17,,301410008,8,20171215,29615189.94,29577460.69,20171201,,0.049875,20231201,0.000313,,,,,0.000005,0.049557,,,,,123088.13,37729.25,160817.38,,0,,,,,,0,,0,29577460.69,0,0,0,0,N,,,,,,,,,,,4752140,2320912,2431228,1521188,1.5982,0.89,20161231,5409637,2686564,2723073,1517031,1.795,0.89,20151231,2643182.32,1332967.23,1310215.09,964904.45,1.3578,0.94,20170101,20170630,20131009,39000000,,,,,,,YN,,20131230,20131230,1,,,,CREFC,,2155225,1.4168,2447070,1.613,1172214.09,1.2148,X,,,,,2106.21,1962136.08,,0,0,0,,N,,30000000,S2,,,,,,,,,,,0,,,,0,,,,,WF,S,20171114,20171211,N,,,,,,,0,JPMBB13C17
JPMBB13C17,,301410009,9,20171215,28137297.88,28092803.86,20171201,,0.048675,20231101,0.000113,,,,,0.000005,0.048557,,,,,114131.91,44494.02,158625.93,,0,,,,,,0,,0,28092803.86,0,0,0,0,N,,,,,,,,,,,5627921,2838788,2789133,1903511,1.4652,0.8,20161231,4215205,2182822,2032383,1903511,1.0677,0.77,20151231,2681582,1367034,1314548,951755,1.3811,0.67,20170101,20170630,20130918,43000000,,,,,,,YN,,20131230,20131230,1,,,,CREFC,20150410,2499159,1.3129,1742409,0.9153,1169560,1.2288,X,,,,,574.48,1202217.58,,0,0,0,,N,,30000000,N,,,,,,,,,,,0,,,,0,,,,,WF,S,20171114,20171211,N,,,,,,,0,JPMBB13C17
JPMBB13C17,,301410013,13,20171215,25375000,25375000,20171201,,0.0474,20231201,0.000113,,,,,0.000005,0.047282,,,,,100231.25,0,100231.25,,0,,,,,,0,,0,25375000,0,0,0,0,N,,,,,,,,,,,4555870,1897065,2658805,1222821,2.1743,0.82,20161231,5202385,2444507,2757878,1219480,2.2615,0.85,20151231,4336922,1708856,2628066,915445,2.8708,0.89,20170101,20170930,20131010,39600000,,,,,,,YN,,20131230,20131230,1,,,,CREFC,,2106481,1.7226,2205554,1.8086,2213823,2.4183,N,,,,,0,162338.79,,0,0,0,,N,,25375000,SH,,,,,,,,,,,0,,,,0,,,,,WF,S,20171114,20171211,N,,,,,,,0,JPMBB13C17
JPMBB13C17,,883100162,15,20171215,23169812.73,23136283.66,20171206,,0.0485,20181006,0.000513,,,,,0.000005,0.047982,,,,,93644.66,33529.07,127173.73,,0,,,,,,0,,0,23136283.66,0,0,0,0,N,,,,,,,,,,,7134663,3588341,3546322,1526085,2.3238,0.92,20161231,6823158,3592939,3230219,1410253,2.2905,0.87,20151231,5220365,2853819,2366546,1144564,2.0676,0.85,20170101,20170930,20130826,34350000,,,,,,,YN,,20131230,20131230,1,,,,CREFC,20150721,3346822,2.193,3030719,2.149,2216921,1.9369,N,,,,,0,989171.41,20171113,0,0,0,,N,,24100000,S1,,,,,,,,,,,0,,,,0,,,,,WF,S,20171114,20171211,N,,,,,,,0,JPMBB13C17
JPMBB13C17,,883100180,16,20171215,20722317.3,20695191.09,20171206,,0.04836,20231206,0.000113,,,,,0.000005,0.048242,,,,,83510.94,27126.21,110637.15,,0,,,,,,0,,0,20695191.09,0,0,0,0,N,,,,,,,,,,,4083391,1636155,2447236,1032486,2.3702,0.92,20161231,3881750,1781319,2100431,1029665,2.0399,0.93,20151231,3045486,1222545,1822941,995734,1.8307,0.88,20170101,20170930,20130916,30000000,,,,,,,YN,,20131230,20131230,1,,,,CREFC,,2211460,2.1418,1864655,1.8109,1646110,1.6531,X,,,,,0,219165.07,,0,0,0,,N,,21000000,S2,,,,,,,,,,,0,,,,0,,,,,WF,S,20171114,20171211,N,,,,,,,0,JPMBB13C17
JPMBB13C17,,883100171,17,20171215,16636141.21,16580470.86,20171206,,0.05121,20231106,0.000113,,,,,0.000005,0.051092,,,,,70994.73,55670.35,126665.08,,0,,,,,,0,,0,16580470.86,0,0,0,0,N,,,,,,,,,,,3261680,933129,2328551,1519980,1.5319,0.98,20161231,3332506,948332,2384174,1519980,1.5685,0.98,20151231,2496078,633543,1862535,1139985,1.6338,0.87,20170101,20170930,20130614,28500000,,,,,,,YN,,20131230,20131230,1,,,,CREFC,,2082694,1.3702,2138317,1.4068,1678143,1.472,N,,,,,0,504014.24,20171011,0,0,0,,N,,19000000,S1,,,,,,,,,,,0,,,,0,,,,,WF,S,20171114,20171211,N,,,,,,,0,JPMBB13C17
JPMBB13C17,,301410018,18,20171215,16000000,16000000,20171201,,0.0482,20231101,0.000113,,,,,0.000005,0.048082,,,,,64266.67,0,64266.67,,0,,,,,,0,,0,16000000,0,0,0,0,N,,,,,,,,,,,2695848,554554,2141294,784053,2.731,1,20161231,2714565,528468,2186097,781911,2.7958,1,20151231,3084747.86,625530.8,2459217.06,781911.23,3.1451,1,20160701,20170630,20130926,29000000,,,,,,,TN,,20131230,20131230,1,,,,CREFC,20140528,1987168,2.5344,2031971,2.5987,2305091.65,2.948,N,,,,,0,,,0,0,0,,N,,16000000,H,,,,,,,,,,,0,,,,0,,,,,WF,S,20171114,20171211,N,,,,,,,0,JPMBB13C17
JPMBB13C17,,301410019,19,20171215,14782719.45,14763304.43,20171201,,0.048475,20231101,0.000113,,,,,0.000005,0.048357,,,,,59716.03,19415.02,79131.05,,0,,,,,,0,,0,14763304.43,0,0,0,0,N,,,,,,,,,,,3617394,1831488,1785906,774299,2.3064,0.95,20161231,3492397,1813750,1678647,737224,2.2769,0.95,20151231,2777471,1393279,1384192,712179,1.9436,0.93,20170101,20170930,20130822,22700000,,,,,,,YN,,20131230,20131230,1,,,,CREFC,,1680906,2.1708,1573647,2.1345,1305442,1.833,X,,,,,0,17506.22,,0,0,0,,N,,15000000,S2,,,,,,,,,,,0,,,,0,,,,,WF,S,20171114,20171211,N,,,,,,,0,JPMBB13C17
JPMBB13C17,,301410020,20,20171215,13821362.02,13800610.88,20171201,,0.0512,20240101,0.000113,,,,,0.000005,0.051082,,,,,58971.14,20751.14,79722.28,,0,,,,,,0,,0,13800610.88,0,0,0,0,N,,,,,,,,,,,2640059,948057,1692002,956667,1.7686,1,20161231,2538372,871188,1667184,956667,1.7427,1,20151231,2044366,728572,1315794,717500,1.8338,1,20170101,20170930,20131111,19940000,,,,,,,YN,,20131230,20131230,1,,,,CREFC,,1673002,1.7487,1648184,1.7228,1301544,1.8139,N,,,,,0,80371.49,,0,0,0,,N,,14650000,N,,,,,,,,,,,0,,,,0,,,,,WF,S,20171114,20171211,N,,,,,,,0,JPMBB13C17
JPMBB13C17,,883100182,22,20171215,12997112.89,12977392.95,20171206,,0.05087,20231206,0.000113,,,,,0.000005,0.050752,,,,,55096.93,19719.94,74816.87,,0,,,,,,0,,0,12977392.95,0,0,0,0,N,,,,,,,,,,,3281482,1635900,1645582,897802,1.8329,0.97,20161231,3137581,1654697,1482884,897802,1.6516,0.91,20151231,2433251,1166286,1266965,673351,1.8815,0.85,20170101,20170930,20131008,18500000,,,,,,,YN,,20131230,20131230,1,,,,CREFC,,1369084,1.5249,1206386,1.3437,1059593,1.5736,N,,,,,0,205364.59,,0,0,0,,N,,13800000,S2,,,,,,,,,,,0,,,,0,,,,,WF,S,20171114,20171211,N,,,,,,,0,JPMBB13C17
JPMBB13C17,,883100173,23,20171215,12841474.42,12822985.38,20171206,,0.05442,20231106,0.000113,,,,,0.000005,0.054302,,,,,58236.09,18489.04,76725.13,,0,,,,,,0,,0,12822985.38,0,0,0,0,N,,,,,,,,,,,3358895,1498283,1860612,920701,2.0208,0.94,20161231,3183284,1399798,1783486,920701,1.937,0.98,20151231,2573952,1091396,1482556,690526,2.1469,0.88,20170101,20170930,20131030,23200000,,,,,,,YN,,20131230,20131230,1,,,,CREFC,,1769137,1.9215,1692011,1.8377,1413950,2.0476,N,,,,,0,415305.15,,0,0,0,,N,,13600000,S1,,,,,,,,,,,0,,,,0,,,,,WF,S,20171114,20171211,N,,,,,,,0,JPMBB13C17
JPMBB13C17,,301410024,24,20171215,12227066.49,12208453.34,20171201,,0.051024,20231101,0.000113,,,,,0.000005,0.050906,,,,,51989.49,18613.15,70602.64,,0,,,,,,0,,0,12208453.34,0,0,0,0,N,,,,,,,,,,,3393887,1629798,1764089,847231,2.0821,0.8,20161231,3222935,1665309,1557626,847231,1.8384,0.78,20151231,3658299,1660545,1997754,847231,2.3579,0.88,20161001,20170930,20130924,18100000,,,,,,,TN,,20131230,20131230,1,,,,CREFC,,1440290,1.6999,1233827,1.4563,1673955,1.9757,N,,,,,8.49,409777.04,,0,0,0,,N,,13000000,H,,,,,,,,,,,0,,,,0,,,,,WF,S,20171114,20171211,N,,,,,,,0,JPMBB13C17
JPMBB13C17,,301410026,26,20171215,11113537.37,11096676.67,20171201,,0.050875,20231201,0.000113,,,,,0.000005,0.050757,,,,,47116.77,16860.7,63977.47,,0,,,,,,0,,0,11096676.67,0,0,0,0,N,,,,,,,,,,,4936329,2898387,2037942,767730,2.6545,0.82,20161231,4514436,3089894,1424542,767730,1.8555,0.79,20151231,5345728,3028258,2317470,767730,3.0186,0.84,20161001,20170930,20131001,19000000,,,,,,,TN,,20131230,20131230,1,,,,CREFC,,1886048,2.4566,1272648,1.6576,2165576,2.8207,X,,,,,0,684293.22,,0,0,0,,N,,11800000,S1,,,,,,,,,,,0,,,,0,,,,,WF,S,20171114,20171211,N,,,,,,,0,JPMBB13C17
JPMBB13C17,,301410027,27,20171215,10866012.36,10847971.83,20171201,,0.04563,20181101,0.000113,,,,,0.000005,0.045512,,,,,41318.01,18040.53,59358.54,,0,,,,,,0,,0,10847971.83,0,0,0,0,N,,,,,,,,,,,3177369,1718871,1458498,712302,2.0475,0.83,20161231,3456625,1734502,1722123,712302,2.4176,0.89,20151231,1618673,963992,654681,356151,1.8382,0.83,20170101,20170630,20130619,15700000,,,,,,,YN,,20131230,20131230,1,,,,CREFC,,1306392,1.834,1570017,2.2041,578628,1.6246,N,,,,,10.09,643499.41,,0,0,0,,N,,11629000,SH,,,,,,,,,,,0,,,,0,,,,,WF,S,20171114,20171211,N,,,,,,,0,JPMBB13C17
JPMBB13C17,,301410028,28,20171215,10807298.74,10790394.97,20171201,,0.049,20231201,0.000113,,,,,0.000005,0.048882,,,,,44129.8,16903.77,61033.57,,0,,,,,,0,,0,10790394.97,0,0,0,0,N,,,,,,,,,,,1293892,225919,1067973,732402,1.4581,1,20161231,1257048,213967,1043081,732402,1.4241,1,20151231,995329,166513,828816,549301,1.5088,1,20170101,20170930,20130924,17080000,,,,,,,YN,,20131230,20131230,1,,,,CREFC,,1009110,1.3778,984218,1.3438,784669,1.4284,N,,,,,38.01,255672.54,,0,0,0,,N,,11500000,S1,,,,,,,,,,,0,,,,0,,,,,WF,S,20171114,20171211,N,,,,,,,0,JPMBB13C17
JPMBB13C17,,301410029,29,20171215,10553602.91,10537702.56,20171205,,0.0513,20231205,0.000113,,,,,0.000005,0.051182,,,,,45116.65,15900.35,61017,,0,,,,,,0,,0,10537702.56,0,0,0,0,N,,,,,,,,,,,3496016,2565690,930326,732204,1.2705,0.67,20161231,3758424,2483187,1275237,732204,1.7416,0.71,20151231,2587297,1860979,726318,549153,1.3226,0.68,20170101,20170930,20131031,16500000,,,,,,,YN,,20131230,20131230,1,,,,CREFC,,780117,1.0654,1125028,1.5364,622826,1.1341,N,,,,,0,119174.15,20161011,0,0,0,,N,,11200000,S2,,,,,,,,,,,0,,,,0,,,,,WF,S,20171114,20171211,N,,,,,,,0,JPMBB13C17
JPMBB13C17,,301410010,10,20171215,9864396.32,9851788.97,20171201,,0.05,20231101,0.000588,,,,,0.000005,0.049407,,,,,41101.65,12607.35,53709,,0,,,,,,0,,0,9851788.97,0,0,0,0,N,,,,,,,,,,,3360973,1678875,1682098,520609,3.231,0.96,20161231,3101479,1620281,1481198,507198,2.9203,0.96,20151231,2775565,1266362,1509203,483381,3.1221,0.96,20170101,20170930,20130918,17300000,,,,,,,YN,,20131230,20131230,1,,,,CREFC,,1530215,2.9392,1329315,2.6208,1395291,2.8865,X,,,,,50.84,93929.95,,0,0,0,,N,,10005000,S1,,,,,,,,,,,0,,,,0,,,,,WF,S,20171114,20171211,N,,,,,,,0,JPMBB13C17
JPMBB13C17,,301410030,30,20171215,9845964.31,9830350.78,20171205,,0.0485,20231105,0.000413,,,,,0.000005,0.048082,,,,,39794.11,15613.53,55407.64,,0,,,,,,0,,0,9830350.78,0,0,0,0,N,,,,,,,,,,,2105601.15,966778.7,1138822.45,664891.68,1.7127,0.97,20161231,2071835,877790,1194045,664892,1.7958,0.9,20151231,2219341,964060,1255281,664892,1.8879,0.91,20161001,20170930,20131009,14500000,,,,,,,TN,,20131230,20131230,1,,,,CREFC,20150720,1080822.45,1.6255,1136045,1.7086,1197281,1.8007,X,,,,,36.53,23544.39,,0,0,0,,N,,10500000,S2,,,,,,,,,,,0,,,,0,,,,,WF,S,20171114,20171211,N,,,,,,,0,JPMBB13C17
JPMBB13C17,,301410033,33,20171215,9493657.19,9481258.06,20171201,,0.052,20231201,0.000113,,,,,0.000005,0.051882,,,,,41139.18,12399.13,53538.31,,0,,,,,,0,,0,9481258.06,0,0,0,0,N,,,,,,,,,,,1645215.12,628461.19,1016753.93,642459,1.5825,0.93,20161231,1553733,549707,1004026,514041,1.9532,0.93,20151231,1251066,522811,728255,481844,1.5113,0.99,20170101,20170930,20130822,13000000,,,,,,,YN,,20131230,20131230,1,,,,CREFC,,977493.93,1.5214,964766,1.8768,698810,1.4502,N,,,,,3.56,11416.26,,0,0,0,,N,,9750000,S2,,,,,,,,,,,0,,,,0,,,,,WF,S,20171114,20171211,N,,,,,,,0,JPMBB13C17
JPMBB13C17,,883100186,32,20171215,9343814.54,9330063.54,20171206,,0.05273,20231206,0.000113,,,,,0.000005,0.052612,,,,,41058.28,13751,54809.28,,0,,,,,,0,,0,9330063.55,0,0,0,0,N,,,,,,,,,,,1428456,612608,815848,657711,1.2404,0.79,20161231,1495034,639352,855682,657711,1.3009,0.79,20151231,1056024,390472,665552,493283,1.3492,0.77,20170101,20170930,20131025,13200000,,,,,,,YN,,20131230,20131230,1,,,,CREFC,,695690,1.0577,735524,1.1183,575435,1.1665,N,,,,,0,26692.9,,0,0,0,,N,,9900000,S1,,,,,,,,,,,0,,,,0,,,,,WF,S,20171114,20171211,N,,,,,,,0,JPMBB13C17
JPMBB13C17,,301410031,31,20171215,9288236.77,9266798.16,20171201,,0.04722,20200731,0.000113,,,,,0.000005,0.047102,,,,,36549.21,21438.61,57987.82,,0,,,,,,0,,0,9266798.16,0,0,0,0,N,,,,,,,,,,,2404072,926933,1477139,695853,2.1227,0.94,20161231,2350520,867472,1483048,695853,2.1312,0.97,20151231,2413966,952740,1461226,695853,2.0999,0.96,20160701,20170630,20130908,14040000,,,,,,20181101,TN,,20131230,20131230,1,,,,CREFC,,1289899,1.8536,1295808,1.8621,1273986,1.8308,N,,,,,81.58,137511.31,,0,0,0,,N,,10200000,H,,,,,,,,,,,0,,,,0,,,,,WF,S,20171114,20171211,N,,,,,,,0,JPMBB13C17
JPMBB13C17,,301410011,11,20171215,9174233.65,9162508.37,20171201,,0.05,20231101,0.000588,,,,,0.000005,0.049407,,,,,38225.97,11725.28,49951.25,,0,,,,,,0,,0,9162508.37,0,0,0,0,N,,,,,,,,,,,2998594,1539770,1458824,484184,3.0129,0.95,20161231,2732988,1472307,1260681,471712,2.6725,0.96,20151231,2494052,1095345,1398707,449561,3.1112,0.97,20170101,20170930,20130918,17400000,,,,,,,YN,,20131230,20131230,1,,,,CREFC,,1337736,2.7628,1139593,2.4158,1307891,2.9092,X,,,,,38.58,71404.67,,0,0,0,,N,,9305000,S1,,,,,,,,,,,0,,,,0,,,,,WF,S,20171114,20171211,N,,,,,,,0,JPMBB13C17
JPMBB13C17,,301410035,35,20171215,8904602.16,8891186.23,20171205,,0.0513,20231205,0.000688,,,,,0.000005,0.050607,,,,,38067.17,13415.93,51483.1,,0,,,,,,0,,0,8891186.23,0,0,0,0,N,,,,,,,,,,,553289,248911,304378,617797,0.4926,0.39,20161231,983231,292315,690916,617797,1.1183,0.39,20151231,383835,191692,192143,463348,0.4146,0.35,20170101,20170930,20131022,12800000,,,,,,,YN,,20131230,20131230,1,,,,CREFC,,213386,0.3453,599924,0.971,123901,0.2674,N,,,,,0,543590.07,20160311,0,0,0,,N,,9450000,N,,,,,,,,,,,0,,,,0,,,,,WF,S,20171114,20171211,N,,,,,,,0,JPMBB13C17
JPMBB13C17,,883100170,34,20171215,8821686.29,8803016.57,20171206,,0.05408,20231106,0.000113,,,,,0.000005,0.053962,,,,,39756.4,18669.72,58426.12,,0,,,,,,0,,0,8803016.57,0,0,0,0,N,,,,,,,,,,,,,,,,,,2349361,1167004,1182357,701113,1.6864,0.7,20151231,1837655,967738,869917,525835,1.6543,0.77,20170101,20170930,20130717,15000000,,,,,,,YN,,20131230,20131230,1,,,,CREFC,,,,987039,1.4078,723429,1.3757,N,,,,,0,42998.4,,0,0,0,,N,,9600000,S1,,,,,,,,,,,0,,,,0,,,,,WF,S,20171114,20171211,N,,,,,,,0,JPMBB13C17
JPMBB13C17,,301410012,12,20171215,8814363.13,8803097.79,20171201,,0.05,20231101,0.000588,,,,,0.000005,0.049407,,,,,36726.51,11265.34,47991.85,,0,,,,,,0,,0,8803097.79,0,0,0,0,N,,,,,,,,,,,2857043,1392293,1464750,465191,3.1487,0.97,20161231,2569474,1385898,1183576,453208,2.6115,0.94,20151231,2314721,1013264,1301457,431927,3.0131,0.95,20170101,20170930,20130918,15200000,,,,,,,YN,,20131230,20131230,1,,,,CREFC,,1365831,2.936,1084657,2.3932,1227268,2.8413,X,,,,,35.31,65312.88,,0,0,0,,N,,8940000,S1,,,,,,,,,,,0,,,,0,,,,,WF,S,20171114,20171211,N,,,,,,,0,JPMBB13C17
JPMBB13C17,,301410038,38,20171215,8751794.68,8739874.59,20171205,,0.0496,20231205,0.000313,,,,,0.000005,0.049282,,,,,36174.08,11920.09,48094.17,,0,,,,,,0,,0,8739874.59,0,0,0,0,N,,,,,,,,,,,942186,147554,794632,577130,1.3768,0.86,20161231,925309,147469,777840,452600,1.7186,0.86,20151231,684544,106204,578340,432847,1.3361,1,20170101,20170930,20131125,12200000,,,,,,,YN,,20131230,20131230,1,,,,CREFC,,784309,1.3589,767517,1.6957,570598,1.3182,N,,,,,2.83,30990.19,,0,0,0,,N,,9000000,S2,,,,,,,,,,,0,,,,0,,,,,WF,S,20171114,20171211,N,,,,,,,0,JPMBB13C17
JPMBB13C17,,301410039,39,20171215,8700000,8700000,20171201,,0.0506,20231001,0.000113,,,,,0.000005,0.050482,,,,,36685,0,36685,,0,,,,,,0,,0,8700000,0,0,0,0,N,,,,,,,,,,,1427954,890075,537879,447557,1.2018,0.62,20161231,1782888,823225,959663,446335,2.15,0.89,20151231,1292292,659460,632832,335056,1.8887,0.92,20170101,20170930,20130910,14600000,,,,,,,YN,,20131230,20131230,1,,,,CREFC,,508879,1.137,930663,2.0851,611082,1.8238,X,,,,,0,39724.68,,0,0,0,,N,,8700000,S2,,,,,,,,,,,0,,,,0,,,,,WF,S,20171114,20171211,N,,,,,,,0,JPMBB13C17
JPMBB13C17,,883100184,41,20171215,8105682.83,8095077.84,20171106,,0.0519,20231206,0.000113,,,,,0.000005,0.051782,,,,,35057.08,10604.99,45662.07,,0,,,,,,0,,0,8105682.83,45628.3,0,0,B,N,,,,,,,,,,,1050878,233979,816899,547946,1.4908,0.79,20161231,1068096,222636,845460,438069,1.9299,0.83,20151231,847718,234229,613489,410958,1.4928,0.83,20170101,20170930,,11100000,,,,,,,YN,,20131230,20131230,3,,,,CREFC,,797499,1.4554,826060,1.8856,598941,1.4574,N,,,,,0,21341.19,,0,0,0,,N,,8325000,S2,,,,,,,,,,,0,,,,0,,,,,WF,S,20171114,20171211,N,,,,,,,0,JPMBB13C17
JPMBB13C17,,883100169,40,20171215,8055272.93,8042703.46,20171206,,0.0495,20231106,0.000613,,,,,0.000005,0.048882,,,,,33228,12569.47,45797.47,,0,,,,,,0,,0,8042703.47,0,0,0,0,N,,,,,,,,,,,1264555,612302,652253,549569,1.1868,0.8,20161231,1327414,582526,744888,549569,1.3554,0.96,20151231,,,,,,,,,20130827,11630000,,,,,,,,,20131230,20131230,1,,,,CREFC,,626224,1.1394,718859,1.308,,,N,,,,,0,54387.66,,0,0,0,,N,,8580000,S2,,,,,,,,,,,0,,,,0,,,,,WF,S,20171114,20171211,N,,,,,,,0,JPMBB13C17
JPMBB13C17,,301410042,42,20171215,7731165.82,7719612.85,20171205,,0.0518,20231205,0.000488,,,,,0.000005,0.051307,,,,,33372.87,11552.97,44925.84,,0,,,,,,0,,0,7719612.85,0,0,0,0,N,,,,,,,,,,,1404849,409444,995405,539110,1.8463,1,20161231,1338974,388308,950666,539110,1.7633,0.92,20151231,1104985,292010,812975,404333,2.0106,1,20170101,20170930,20131022,11400000,,,,,,,YN,,20131230,20131230,1,,,,CREFC,,931029,1.7269,886290,1.6439,764684,1.8912,N,,,,,0,97016.23,,0,0,0,,N,,8200000,N,,,,,,,,,,,0,,,,0,,,,,WF,S,20171114,20171211,N,,,,,,,0,JPMBB13C17
JPMBB13C17,,883100167,43,20171215,7584883.01,7574059.89,20171206,,0.049,20180806,0.000513,,,,,0.000005,0.048482,,,,,30971.61,10823.12,41794.73,,0,,,,,,0,,0,7574059.9,0,0,0,0,N,,,,,,,,,,,,,,,,,,,,,,,,,,,,,,,,,,,,,,,,,,,20131230,20170711,,,,,,,,,,,,,F,,,,,0,,,0,0,0,,N,,7875000,,,,,,,,,,,,0,,,,0,,,,,WF,S,20171114,20171211,N,,,,,,,0,JPMBB13C17
JPMBB13C17,,301410045,45,20171215,7060625.47,7049847.82,20171205,,0.0505,20231205,0.000713,,,,,0.000005,0.049782,,,,,29713.47,10777.65,40491.12,,0,,,,,,0,,0,7049847.82,0,0,0,0,N,,,,,,,,,,,822802,339992,482810,485893,0.9936,1,20161231,1095094,362954,732140,485893,1.5067,1,20151231,894037,297065,596972,364419,1.6381,1,20170101,20170930,20131104,10500000,,,,,,,YN,,20131230,20131230,1,,,,CREFC,,412490,0.8489,661820,1.362,544232,1.4934,N,,,,,0.12,644416.07,,0,0,0,,N,,7500000,SH,,,,,,,,,,,0,,,,0,,,,,WF,S,20171114,20171211,N,,,,,,,0,JPMBB13C17
JPMBB13C17,,883100187,44,20171215,6761234.23,6738707.47,20171206,,0.05086,20231206,0.000113,,,,,0.000005,0.050742,,,,,28656.36,22526.76,51183.12,,0,,,,,,0,,0,6738707.47,0,0,0,0,N,,,,,,,,,,,968954,177071,791883,614197,1.2892,1,20161231,951905,168371,783534,614197,1.2757,1,20151228,778375,135510,642865,460647,1.3955,1,20170101,20170930,20131010,11850000,,,,,,,YN,,20131230,20131230,1,,,,CREFC,20150224,749889,1.2209,741540,1.2073,611371,1.3272,N,,,,,0,102518.13,,0,0,0,,N,,7700000,S2,,,,,,,,,,,0,,,,0,,,,,WF,S,20171114,20171211,N,,,,,,,0,JPMBB13C17
JPMBB13C17,,301410046,46,20171215,6752196.29,6741647.31,20171201,,0.04974,20231001,0.000113,,,,,0.000005,0.049622,,,,,27987.85,10548.98,38536.83,,0,,,,,,0,,0,6741647.31,0,0,0,0,N,,,,,,,,,,,2657417,1422453,1234964,462441,2.6705,0.6,20161231,2666900,1393083,1273817,462441,2.7545,0.61,20151231,2090704,1101828,988876,346830,2.8511,0.62,20170101,20170930,20130701,12750000,,,,,,,YN,,20131230,20131230,1,,,,CREFC,,1146659,2.4795,1185512,2.5635,922648,2.6602,X,,,,,49.33,300986.46,,0,0,0,,N,,7200000,N,,,,,,,,,,,0,,,,0,,,,,WF,S,20171114,20171211,N,,,,,,,0,JPMBB13C17
JPMBB13C17,,301410047,47,20171215,6689461.87,6679366.83,20171201,,0.0512,20231201,0.000113,,,,,0.000005,0.051082,,,,,28541.7,10095.04,38636.74,,0,,,,,,0,,0,6679366.83,0,0,0,0,N,,,,,,,,,,,1332953,509319,823634,463641,1.7764,0.88,20161231,1306821,555490,751331,463641,1.6205,0.86,20151231,1045567,343088,702479,347731,2.0201,0.86,20170101,20170930,20130620,12100000,,,,,,,YN,,20131230,20131230,1,,,,CREFC,,805742,1.7378,733439,1.5819,689060,1.9815,N,,,,,0,157768,,0,0,0,,N,,7100000,S2,,,,,,,,,,,0,,,,0,,,,,WF,S,20171114,20171211,N,,,,,,,0,JPMBB13C17
JPMBB13C17,,301410048,48,20171215,6594205.45,6584515.66,20171201,,0.0535,20231001,0.000113,,,,,0.000005,0.053382,,,,,29399.17,9689.79,39088.96,,0,,,,,,0,,0,6584515.66,0,0,0,0,N,,,,,,,,,,,1498257,338885,1159372,469067,2.4716,1,20161231,1387491,354431,1033060,469067,2.2023,1,20151231,1002446,294635,707811,351800,2.0119,1,20170101,20170930,20130409,10900000,,,,,,,YN,,20131230,20131230,1,,,,CREFC,,1128372,2.4055,1002060,2.1362,684561,1.9458,N,,,,,4.52,129272.87,,0,0,0,,N,,7000000,S2,,,,,,,,,,,0,,,,0,,,,,WF,S,20171114,20171211,N,,,,,,,0,JPMBB13C17
JPMBB13C17,,301410049,49,20171215,6442971.34,6432183.87,20171201,,0.0451,20181101,0.000113,,,,,0.000005,0.044982,,,,,24214.83,10787.47,35002.3,,0,,,,,,0,,0,6432183.87,0,0,0,0,N,,,,,,,,,,,1272947.66,655214.35,617733.31,420027.44,1.4706,0.94,20161231,1132661,654562,478099,420028,1.1382,0.92,20151231,985878,477159,508719,315020,1.6148,0.93,20170101,20170930,20130723,9600000,,,,,,,YN,,20131230,20131230,1,,,,CREFC,,580811.81,1.3827,441178,1.0503,481028,1.5269,X,,,,,12.46,41227.87,,0,0,0,,N,,6900000,SF,,,,,,,,,,,0,,,,0,,,,,WF,S,20171114,20171211,N,,,,,,,0,JPMBB13C17
JPMBB13C17,,301410050,50,20171215,5277931.36,5270126.72,20171201,,0.0528,20231101,0.000113,,,,,0.000005,0.052682,,,,,23222.9,7804.64,31027.54,,0,,,,,,0,,0,5270126.72,0,0,0,0,N,,,,,,,,,,,961178,306996,654182,372330,1.7569,1,20161231,925243,282036,643207,372330,1.7275,0.98,20151231,786413,205590,580823,279247,2.0799,1,20170101,20170930,20130827,7200000,,,,,,,YN,,20131230,20131230,1,,,,CREFC,,629382,1.6903,618407,1.6609,562223,2.0133,N,,,,,0.05,28933.38,,0,0,0,,N,,5600000,S2,,,,,,,,,,,0,,,,0,,,,,WF,S,20171114,20171211,N,,,,,,,0,JPMBB13C17
JPMBB13C17,,883100155,36,20171215,5001695.07,4991260.23,20171206,,0.0562,20230906,0.000113,,,,,0.000005,0.056082,,,,,23424.61,10434.84,33859.45,,0,,,,,,0,,0,4991260.23,0,0,0,0,N,,,,,,,,,,,1936150,1084000,852150,406313,2.0972,0.98,20161231,1877232,1084674,792558,406313,1.9506,0.98,20151231,939240,561143,378097,203157,1.8611,0.94,20170101,20170630,20130814,8300000,,,,,,,YN,,20131230,20131230,1,,,,CREFC,,757750,1.8649,698158,1.7182,330897,1.6287,N,,,,,0,98186.46,20171113,0,0,0,,N,,5450000,S1,,,,,,,,,,,0,,,,0,,,,,WF,S,20171114,20171211,N,,,,,,,0,JPMBB13C17
JPMBB13C17,,301410051,51,20171215,4851574.74,4844353.35,20171201,,0.0524,20231101,0.000113,,,,,0.000005,0.052282,,,,,21185.21,7221.39,28406.6,,0,,,,,,0,,0,4844353.35,0,0,0,0,N,,,,,,,,,,,709966,261052,448914,340879,1.3169,1,20161231,680565,229359,451206,340879,1.3236,1,20150930,368525,117389,251136,170439,1.4734,1,20170101,20170630,20130829,8300000,,,,,,,YN,,20131230,20131230,1,,,,CREFC,,435572,1.2777,437864,1.2845,244465,1.4343,N,,,,,0,2009,,0,0,0,,N,,5150000,S2,,,,,,,,,,,0,,,,0,,,,,WF,S,20171114,20171211,N,,,,,,,0,JPMBB13C17
JPMBB13C17,,883100166,52,20171215,4839877.68,4832971.49,20171206,,0.049,20180806,0.000513,,,,,0.000005,0.048482,,,,,19762.83,6906.19,26669.02,,0,,,,,,0,,0,4832971.49,0,0,0,0,N,,,,,,,,,,,,,,,,,,,,,,,,,,,,,,,,,,,,,,,,,,,20131230,20170711,,,,,,,,,,,,,F,,,,,0,,,0,0,0,,N,,5025000,,,,,,,,,,,,0,,,,0,,,,,WF,S,20171114,20171211,N,,,,,,,0,JPMBB13C17
JPMBB13C17,,301410053,53,20171215,4530180.99,4523510.76,20171205,,0.0527,20231205,0.000788,,,,,0.000005,0.051907,,,,,19895.04,6670.23,26565.27,,0,,,,,,0,,0,4523510.76,0,0,0,0,N,,,,,,,,,,,786810,282642,504168,318783,1.5815,1,20161231,,,,,,,,896807,264667,632140,318783,1.9829,1,20161001,20170930,20131007,6910000,,,,,,,TN,,20131230,20131230,1,,,,CREFC,,495768,1.5551,,,623740,1.9566,N,,,,,0,16560.58,,0,0,0,,N,,4800000,N,,,,,,,,,,,0,,,,0,,,,,WF,S,20171114,20171211,N,,,,,,,0,JPMBB13C17
JPMBB13C17,,883100183,54,20171215,4055071.51,4049031.72,20171206,,0.052,20231206,0.000113,,,,,0.000005,0.051882,,,,,17571.98,6039.79,23611.77,,0,,,,,,0,,0,4049031.72,0,0,0,0,N,,,,,,,,,,,1192735,367296,825439,283341,2.9132,0.85,20161231,1053063,334313,718750,283341,2.5366,0.88,20151231,880535,273788,606747,212506,2.8551,0.86,20170101,20170930,20131009,7700000,,,,,,,YN,,20131230,20131230,1,,,,CREFC,,819168,2.8911,712479,2.5145,602044,2.833,N,,,,,0,25102.87,,0,0,0,,N,,4300000,S1,,,,,,,,,,,0,,,,0,,,,,WF,S,20171114,20171211,N,,,,,,,0,JPMBB13C17
JPMBB13C17,,301410055,55,20171215,3944416.56,3938764.09,20171201,,0.0526,20231101,0.000113,,,,,0.000005,0.052482,,,,,17289.69,5652.47,22942.16,,0,,,,,,0,,0,3938764.09,0,0,0,0,N,,,,,,,,,,,1098818,385626,713192,275306,2.5905,0.9,20161231,861942,342038,519904,275306,1.8884,0.9,20151231,1058681,354799,703882,206479,3.4089,0.96,20170101,20170930,20130809,5700000,,,,,,,YN,,20131230,20131230,1,,,,CREFC,20160502,702315,2.551,509027,1.8489,695725,3.3694,N,,,,,0,44871.75,,0,0,0,,N,,4150000,N,,,,,,,,,,,0,,,,0,,,,,WF,S,20171114,20171211,N,,,,,,,0,JPMBB13C17
JPMBB13C17,,883100168,56,20171215,3915244.39,3909657.6,20171206,,0.049,20180806,0.000513,,,,,0.000005,0.048482,,,,,15987.25,5586.79,21574.04,,0,,,,,,0,,0,3909657.6,0,0,0,0,N,,,,,,,,,,,,,,,,,,,,,,,,,,,,,,,,,,,,,,,,,,,20131230,20170728,,,,,,,,,,,,,F,,,,,0,,,0,0,0,,N,,4065000,,,,,,,,,,,,0,,,,0,,,,,WF,S,20171114,20171211,N,,,,,,,0,JPMBB13C17
JPMBB13C17,,301410057,57,20171215,3497092.83,3492053.11,20171201,,0.054,20231201,0.000113,,,,,0.000005,0.053882,,,,,15736.92,5039.72,20776.64,,0,,,,,,0,,0,3492053.11,0,0,0,0,N,,,,,,,,,,,705422,243160,462262,249319,1.854,0.91,20161231,688036,231812,456224,249319,1.8298,0.87,20151231,558715,176608,382107,186990,2.0434,0.91,20170101,20170930,20131015,6150000,,,,,,,YN,,20131230,20131230,1,,,,CREFC,,416737,1.6715,410699,1.6472,347963,1.8608,N,,,,,2.45,120623.54,,0,0,0,,N,,3700000,S2,,,,,,,,,,,0,,,,0,,,,,WF,S,20171114,20171211,N,,,,,,,0,JPMBB13C17
JPMBB13C17,,883100154,37,20171215,3395646.23,3388562.02,20171206,,0.0562,20230906,0.000113,,,,,0.000005,0.056082,,,,,15902.94,7084.21,22987.15,,0,,,,,,0,,0,3388562.02,0,0,0,0,N,,,,,,,,,,,1368145,876769,491376,275846,1.7813,0.98,20161231,1380826,903144,477682,275846,1.7316,0.98,20151231,688151,479181,208970,137923,1.5151,0.95,20170101,20170630,20130814,5800000,,,,,,,YN,,20131230,20131230,1,,,,CREFC,,419376,1.5203,405682,1.4706,172970,1.2541,N,,,,,0,1057729.22,20171113,0,0,0,,N,,3700000,S1,,,,,,,,,,,0,,,,0,,,,,WF,S,20171114,20171211,N,,,,,,,0,JPMBB13C17
JPMBB13C17,,883100149,58,20171215,3163821.33,3157171.98,20171206,,0.055625,20230906,0.000113,,,,,0.000005,0.055507,,,,,14665.63,6649.35,21314.98,,0,,,,,,0,,0,3157171.97,0,0,0,0,N,,,,,,,,,,,1047061,568696,478365,255780,1.8702,0.94,20161231,1024268,598386,425882,255780,1.665,0.99,20151231,786717,492521,294196,191835,1.5335,0.86,20170101,20170930,20130725,5300000,,,,,,,YN,,20131230,20131230,1,,,,CREFC,,420765,1.645,368282,1.4398,250996,1.3083,N,,,,,0,54268.26,20150911,0,0,0,,N,,3450000,S1,,,,,,,,,,,0,,,,0,,,,,WF,S,20171114,20171211,N,,,,,,,0,JPMBB13C17
JPMBB13C17,,301410060,60,20171215,3120408.39,3115941.24,20171201,,0.0544,20231201,0.000113,,,,,0.000005,0.054282,,,,,14145.85,4467.15,18613,,0,,,,,,0,,0,3115941.24,0,0,0,0,N,,,,,,,,,,,624894,282455,342439,223356,1.5331,0.98,20161231,667011,264807,402204,223356,1.8007,0.89,20151231,338064.42,125558.65,212505.77,111678,1.9028,0.9,20170101,20170630,20131004,4500000,,,,,,,YN,,20131230,20131230,1,,,,CREFC,,308039,1.3791,367804,1.6467,195305.11,1.7488,N,,,,,0,72953.64,,0,0,0,,N,,3300000,S2,,,,,,,,,,,0,,,,0,,,,,WF,S,20171114,20171211,N,,,,,,,0,JPMBB13C17
JPMBB13C17,,883100163,59,20171215,3082871.76,3076524.91,20171206,,0.0567,20231006,0.000113,,,,,0.000005,0.056582,,,,,14566.57,6346.85,20913.42,,0,,,,,,0,,0,3076524.92,0,0,0,0,N,,,,,,,,,,,2485543,1706667,778876,250961,3.1035,0.79,20161231,2359355,1481591,877764,250961,3.4976,0.78,20151231,1880546,1319786,560760,188220,2.9792,0.79,20170101,20170930,20130726,6500000,,,,,,,YN,,20131230,20131230,1,,,,CREFC,,708575,2.8234,807463,3.2174,508035,2.6991,N,,,,,0,261484.43,,0,0,0,,N,,3350000,S2,,,,,,,,,,,0,,,,0,,,,,WF,S,20171114,20171211,N,,,,,,,0,JPMBB13C17
JPMBB13C17,,883100165,61,20171215,2774020.33,2769656.64,20171206,,0.049,20181106,0.000113,,,,,0.000005,0.048882,,,,,11327.25,4363.69,15690.94,,0,,,,,,0,,0,2769656.64,0,0,0,0,N,,,,,,,,,,,642532,255193,387339,188291,2.0571,0.92,20161231,614569,206635,407934,188291,2.1665,0.89,20151231,679849,256493,423356,188291,2.2484,0.94,20161001,20170930,20130730,4050000,,,,,,,TN,,20131230,20131230,1,,,,CREFC,20150507,379006,2.0128,399601,2.1222,415023,2.2041,N,,,,,0,0.9,,0,0,0,,N,,2956500,S2,,,,,,,,,,,0,,,,0,,,,,WF,S,20171114,20171211,N,,,,,,,0,JPMBB13C17
JPMBB13C17,,301410062,62,20171215,2617836.82,2613522.9,20171201,,0.0474,20230701,0.000113,,,,,0.000005,0.047282,,,,,10340.46,4313.92,14654.38,,0,,,,,,0,,0,2613522.9,0,0,0,0,N,,,,,,,,,,,942807.38,513857.85,428949.53,175852,2.4392,0.99,20161231,904939,542599,362340,175852,2.0604,0.97,20151231,720765,403336,317429,131889,2.4067,0.98,20170101,20170930,20130425,3780000,,,,,,,YN,,20131230,20131230,1,,,,CREFC,,401949.53,2.2857,335340,1.9069,297179,2.2532,N,,,,,56.55,16806.43,20151013,0,0,0,,N,,2812500,S2,,,,,,,,,,,0,,,,0,,,,,WF,S,20171114,20171211,N,,,,,,,0,JPMBB13C17
JPMBB13C17,,301410063,63,20171215,2547308.11,2543644.38,20171201,,0.0548,20231001,0.000113,,,,,0.000005,0.054682,,,,,11632.71,3663.73,15296.44,,0,,,,,,0,,0,2543644.38,0,0,0,0,N,,,,,,,,,,,485739,113152,372587,183557,2.0298,1,20161231,443726,129881,313845,183557,1.7097,1,20151231,366084,85018,281066,137667,2.0416,1,20170101,20170930,20130617,3600000,,,,,,,YN,,20131230,20131230,1,,,,CREFC,,341389,1.8598,282647,1.5398,257668,1.8716,N,,,,,0,129993.5,,0,0,0,,N,,2700000,S1,,,,,,,,,,,0,,,,0,,,,,WF,S,20171114,20171211,N,,,,,,,0,JPMBB13C17
JPMBB13C17,,301410064,64,20171215,1986151.86,1983317.93,20171201,,0.0546,20231201,0.000113,,,,,0.000005,0.054482,,,,,9036.99,2833.93,11870.92,,0,,,,,,0,,0,1983317.93,0,0,0,0,N,,,,,,,,,,,367149,98230,268919,142451,1.8878,1,20161231,367148,99376,267772,142451,1.8797,1,20151231,273347,75770,197577,106838,1.8493,1,20170101,20170930,20130626,2800000,,,,,,,YN,,20131230,20131230,1,,,,CREFC,,227751,1.5988,226604,1.5907,166701,1.5603,N,,,,,12.68,167872.16,,0,0,0,,N,,2100000,S2,,,,,,,,,,,0,,,,0,,,,,WF,S,20171114,20171211,N,,,,,,,0,JPMBB13C17
JPMBB13C17,,301410021,21,20161216,0,0,,,,,,,,,,,,,,,,,,,,,,20161205,,,9,,,,,,,,,N,,,,,,,,,,,,,,,,,,,,,,,,,,,,,,,,,,,,,,,,,,,,,,,,,,,,,,,,,,,,,,,,,0,,0,,,,,,,,,,,,,,,,,,,,,,,,,,,20171114,20171211,,,,,,,,,
JPMBB13C17,,883100157,25,20171117,0,0,,,,,,,,,,,,,,,,,,,,,,20171020,,,6,,,,,,,,,N,,,,7901866.28,1663865.81,4810762.87,,,,,,,,,,,,,,,,,,,,,,,,,,,,,,,,,,,,,,,,,,,,,,,,,,,,,,,,,,,0,,0,,,,,,7901866.28,1591014.36,20000,52851.45,0,,,0,,,,,,,,,,,,,,20171114,20171211,,,,,,,,,
JPMBB13C17,,883100181,14,20170817,0,0,,,,,,,,,,,,,,,,,,,,,,20170804,,,9,,,,,,,,,N,,,,,,,,,,,,,,,,,,,,,,,,,,,,,,,,,,,,,,,,,,,,,,,,,,,,,,,,,,,,,,,,,0,,0,,,,,,,,,,,,,,,,,,,,,,,,,,,20171114,20171211,,,,,,,,,
