JPMBB13C17,,301410001,1,20161216,114375824.17,114193456.07,20161201,,0.043660,20240101,0.000113,,,,,0.000005,0.043542,,,,,416137.37,182368.10,598505.47,,0,,,,,,0,,0,114193456.07,0,0,0,0,N,,,,,,,,,,,32881212,11354670,21526542,13167120,1.6348,0.93,20151231,32883064,11451799,21431265,13167121,1.6276,0.98,20141231,24727330,8327005,16400325,9875340,1.6607,0.93,20160101,20160930,20131115,366000000,,,,,,,YN,,20131230,20131230,1,,,,CREFC,,20626840,1.5665,20531563,1.5593,15725549,1.5924,X,,,,,0,,,0,0,0,,N,,220000000,S2,,,,,,,,,,,0,,,,0,,,,,WF,S,20161115,20161212,N,,,,,,,0,JPMBB13C17,,,,,,
JPMBB13C17,,301410002,2,20161216,92570474.47,92450372.79,20161201,,0.049127,20231101,0.000213,,,,,0.000005,0.048909,,,,,378975.81,120101.68,499077.49,,0,,,,,,0,,0,92450372.79,0,0,0,0,N,,,,,,,,,,,11988589,2178753,9809836,4893600,2.0046,1,20151231,11708936,2077209,9631727,4677091,2.0593,1,20141231,3042461,474002,2568459,1497233,1.7154,1,20160101,20160331,,125500000,,,,,,,YN,,20131230,20131230,7,,,,CREFC,,8843428,1.8071,8665319,1.8527,2326861,1.5541,X,,,,,727.15,439090.41,,0,0,0,,N,,93900000,H,,,,,,,,,,,0,,,,0,,,,,WF,S,20161115,20161212,N,,,,,,,0,JPMBB13C17,,,,,,
JPMBB13C17,,301171001,3,20161216,88705109.30,88588380.04,20161201,,0.04833340,20231101,0.000113,,,,,0.000005,0.04821540,,,,,357284.96,116729.26,474014.22,,0,,,,,,0,,0,88588380.04,0,0,0,0,N,,,,,,,,,,,23030082,8148531,14881551,11553417,1.2880,0.93,20151231,21761731,7957924.80,13803806.20,11026056.49,1.2519,0.97,20141231,17516909,5883139,11633770,10665320,1.0908,0.95,20160101,20160930,20130910,365000000,,,,,,,YN,,20131230,20131230,1,,,,CREFC,,14819551,1.2826,13741806.20,1.2463,11587270,1.0864,X,,,,,0,,,0,0,0,,N,,225000000,H,,,,,,,,,,,0,,,,0,,,,,WF,S,20161115,20161212,N,,,,,,,0,JPMC13C16,,,,,,
JPMBB13C17,,301410004,4,20161216,72174821.75,72080969.61,20161201,,0.0487,20231201,0.000113,,,,,0.000005,0.048582,,,,,292909.48,93852.14,386761.62,,0,,,,,,0,,0,72080969.61,0,0,0,0,N,,,,,,,,,,,14392983,5780830,8612153,3610648,2.3852,0.96,20151231,14621821,5699510,8922311,3610648,2.4711,0.86,20141231,7294093,2838127,4455966,2320570,1.9202,0.96,20160101,20160630,20131015,123000000,,,,,,,YN,,20131230,20131230,1,,,,CREFC,,7062227,1.9559,7372385,2.0418,3681003,1.5862,N,,,,,0,1143698.24,,0,0,0,,N,,73125000,H,,,,,,,,,,,0,,,,0,,,,,WF,S,20161115,20161212,N,,,,,,,0,JPMBB13C17,,,,,,
JPMBB13C17,,883100172,5,20161216,46268799.94,46205838.93,20161206,,0.049655,20231206,0.000113,,,,,0.000005,0.049537,,,,,191456.44,62961.01,254417.45,,0,,,,,,0,,0,46205838.93,0,0,0,0,N,,,,,,,,,,,13056582,6545807,6510775,3053009,2.1325,0.81,20151231,12773272,6200117,6573155,2395398,2.7440,0.85,20141231,11146617,5218056,5928561,2289756,2.5891,0.85,20160101,20160930,20131023,73200000,,,,,,,YN,,20131230,20131230,1,,,,CREFC,,6052671,1.9825,6115051,2.5528,5584983,2.4391,N,,,,,0,491225.21,,0,0,0,,N,,47580000,S1,,,,,,,,,,,0,,,,0,,,,,WF,S,20161115,20161212,N,,,,,,,0,JPMBB13C17,,,,,,
JPMBB13C17,,883100164,6,20161216,46000000,45944267.27,20161206,,0.049550,20231106,0.000113,,,,,0.000005,0.049432,,,,,189941.67,55732.73,245674.40,,0,,,,,,0,,0,45944267.27,0,0,0,0,N,,,,,,,,,,,7488811,2165060,5323751,2310957,2.3036,0.99,20151231,7143176,2124030,5019146,2310957,2.1718,0.98,20141231,5542490,1735156,3807334,1741132,2.1867,1,20160101,20160930,20130924,64600000,,,,,,,YN,,20131230,20131230,1,,,,CREFC,,4990783,2.1596,4686178,2.0278,3557609,2.0432,N,,,,,0,46650.33,,0,0,0,,N,,46000000,S2,,,,,,,,,,,0,,,,0,,,,,WF,S,20161115,20161212,N,,,,,,,0,JPMBB13C17,,,,,,
JPMBB13C17,,301410007,7,20161216,31000000,30962197.66,20161201,,0.0492,20231101,0.000413,,,,,0.000005,0.048782,,,,,127100,37802.34,164902.34,,0,,,,,,0,,0,30962197.66,0,0,0,0,N,,,,,,,,,,,3686014,934238,2751776,1546383,1.7794,0.83,20151231,3251572,803278,2448294,1546383,1.5832,1,20141231,1823350,425628,1397722,775310,1.8027,0.99,20160101,20160630,20130918,51000000,,,,,,,YN,,20131230,20131230,1,,,,CREFC,,2614470,1.6907,2310988,1.4944,1329070,1.7142,X,,,,,117.17,26481.23,,0,0,0,,N,,31000000,S1,,,,,,,,,,,0,,,,0,,,,,WF,S,20161115,20161212,N,,,,,,,0,JPMBB13C17,,,,,,
JPMBB13C17,,301410008,8,20161216,30000000,30000000,20161201,,0.049875,20231201,0.000313,,,,,0.000005,0.049557,,,,,124687.50,0,124687.50,,0,,,,,,0,,0,30000000,0,0,0,0,N,,,,,,,,,,,5409637,2686564,2723073,1517031,1.7950,0.89,20151231,4868845,2067137,2801708,1517031,1.8468,0.89,20141231,3688641,1887361,1801280,1138813,1.5817,0.92,20160101,20160930,20131009,39000000,,,,,,,YN,,20131230,20131230,1,,,,CREFC,,2447070,1.6130,2525705,1.6649,1594279,1.3999,X,,,,,2106.21,1917824.83,,0,0,0,,N,,30000000,S2,,,,,,,,,,,0,,,,0,,,,,WF,S,20161115,20161212,N,,,,,,,0,JPMBB13C17,,,,,,
JPMBB13C17,,301410009,9,20161216,28638857.94,28596398.38,20161201,,0.048675,20231101,0.000113,,,,,0.000005,0.048557,,,,,116166.37,42459.56,158625.93,,0,,,,,,0,,0,28596398.38,0,0,0,0,N,,,,,,,,,,,4215205,2201959,2013246,1903511,1.0576,0.77,20151231,4995104,2540764,2454340,1903511,1.2893,0.83,20141231,2810291,1458605,1351686,951755,1.4202,0.80,20160101,20160630,20130918,43000000,,,,,,,YN,,20131230,20131230,1,,,,CREFC,20150410,1723272,0.9053,2164366,1.1370,1206698,1.2678,X,,,,,169.36,1164893.47,,0,0,0,,N,,30000000,S1,,,,,,,,,,,0,,,,0,,,,,WF,S,20161115,20161212,N,,,,,,,0,JPMBB13C17,,,,,,
JPMBB13C17,,301410013,13,20161216,25375000,25375000,20161201,,0.0474,20231201,0.000113,,,,,0.000005,0.047282,,,,,100231.25,0,100231.25,,0,,,,,,0,,0,25375000,0,0,0,0,N,,,,,,,,,,,5202385,2444507,2757878,1219480,2.2615,0.85,20151231,5532300,2183805,3348495,1219480,2.7458,0.92,20141231,3285274,1404764,1880510,918786,2.0467,0.78,20160101,20160930,20131010,39600000,,,,,,,YN,,20131230,20131230,1,,,,CREFC,,2205554,1.8086,2796171,2.2929,1466268,1.5958,N,,,,,0,1604428.25,,0,0,0,,N,,25375000,SH,,,,,,,,,,,0,,,,0,,,,,WF,S,20161115,20161212,N,,,,,,,0,JPMBB13C17,,,,,,
JPMBB13C17,,883100181,14,20161216,24277398.88,24245574.58,20161206,,0.048250,20231206,0.000613,,,,,0.000005,0.047632,,,,,97615.37,31824.30,129439.67,,0,,,,,,0,,0,24245574.58,0,0,0,0,N,,,,,,,,,,,3604271,1546619,2057652,1203435,1.7098,0.89,20151231,4183461,1458574,2724887,1203435,2.2642,0.85,20141231,1733760,686637,1047123,776638,1.3482,0.85,20160101,20160630,20131021,40500000,,,,,,,YN,,20131230,20131230,1,,,,CREFC,,1924163,1.5988,2591398,2.1533,980379,1.2623,X,,,,,0,498744.88,,0,0,0,,N,,24600000,S2,,,,,,,,,,,0,,,,0,,,,,WF,S,20161115,20161212,N,,,,,,,0,JPMBB13C17,,,,,,
JPMBB13C17,,883100162,15,20161216,23546573.35,23514567.02,20161206,,0.0485,20181006,0.000513,,,,,0.000005,0.047982,,,,,95167.40,32006.33,127173.73,,0,,,,,,0,,0,23514567.02,0,0,0,0,N,,,,,,,,,,,6823158,3592939,3230219,1410253,2.2905,0.87,20151231,6138418,3504935,2633483,1185085,2.2221,0.89,20141231,5342906,2569580,2773326,1144564,2.4230,0.91,20160101,20160930,20130826,34350000,,,,,,,YN,,20131230,20131230,1,,,,CREFC,20150721,3030719,2.1490,2433983,2.0538,2623701,2.2923,N,,,,,0,1315403.51,20160613,0,0,0,,N,,24100000,S1,,,,,,,,,,,0,,,,0,,,,,WF,S,20161115,20161212,N,,,,,,,0,JPMBB13C17,,,,,,
JPMBB13C17,,883100180,16,20161216,21000000,21000000,20161206,,0.048360,20231206,0.000113,,,,,0.000005,0.048242,,,,,84630,0,84630,,0,,,,,,0,,0,21000000,0,0,0,0,N,,,,,,,,,,,3881750,1781319,2100431,1029665,2.0399,0.93,20151231,3417828,1570323,1847505,1029665,1.7942,0.80,20141231,3057071,1203382,1853689,775775,2.3894,0.92,20160101,20160930,20130916,30000000,,,,,,,YN,,20131230,20131230,1,,,,CREFC,,1864655,1.8109,1611729,1.5652,1676858,2.1615,X,,,,,0,46216.84,,0,0,0,,N,,21000000,S2,,,,,,,,,,,0,,,,0,,,,,WF,S,20161115,20161212,N,,,,,,,0,JPMBB13C17,,,,,,
JPMBB13C17,,883100171,17,20161216,17274396.49,17221449.90,20161106,,0.051210,20231106,0.000113,,,,,0.000005,0.051092,,,,,73718.49,52946.59,126665.08,,0,,,,,,0,,0,17274396.49,126593.10,0,0,B,N,,,,,,,,,,,3332506,948332,2384174,1519980,1.5685,0.98,20151231,3214831,1068984,2145847,1519980,1.4117,0.98,20141231,1454700,448392,1006308,759990,1.3241,0.98,20160101,20160630,20130614,28500000,,,,,,,YN,,20131230,20131230,1,,,,CREFC,,2138317,1.4068,1899990,1.25,883380,1.1623,N,,,,,0,413880.92,,0,0,0,,N,,19000000,S1,,,,,,,,,,,0,,,,0,,,,,WF,S,20161115,20161212,N,,,,,,,0,JPMBB13C17,,,,,,
JPMBB13C17,,301410018,18,20161216,16000000,16000000,20161201,,0.0482,20231101,0.000113,,,,,0.000005,0.048082,,,,,64266.67,0,64266.67,,0,,,,,,0,,0,16000000,0,0,0,0,N,,,,,,,,,,,2714565,528468,2186097,781911,2.7958,1,20151231,2698871,538289,2160582,781912,2.7632,1,20141231,1962820,393471,1569349,586969,2.6736,1,20160101,20160930,20130926,29000000,,,,,,,YN,,20131230,20131230,1,,,,CREFC,20140528,2031971,2.5987,2006456,2.5660,1453756,2.4767,N,,,,,0,,,0,0,0,,N,,16000000,H,,,,,,,,,,,0,,,,0,,,,,WF,S,20161115,20161212,N,,,,,,,0,JPMBB13C17,,,,,,
JPMBB13C17,,301410019,19,20161216,15000000,14981462.70,20161201,,0.048475,20231101,0.000113,,,,,0.000005,0.048357,,,,,60593.75,18537.30,79131.05,,0,,,,,,0,,0,14981462.70,0,0,0,0,N,,,,,,,,,,,3492397,1813750,1678647,737224,2.2769,0.95,20151231,3319421,1757755,1561666,737224,2.1183,0.95,20141231,2717448,1376048,1341400,553423,2.4238,0.95,20160101,20160930,20130822,22700000,,,,,,,YN,,20131230,20131230,1,,,,CREFC,,1573647,2.1345,1456666,1.9758,1262650,2.2815,X,,,,,0,17501.41,,0,0,0,,N,,15000000,S2,,,,,,,,,,,0,,,,0,,,,,WF,S,20161115,20161212,N,,,,,,,0,JPMBB13C17,,,,,,
JPMBB13C17,,301410020,20,20161216,14054038.65,14034280.27,20161201,,0.0512,20240101,0.000113,,,,,0.000005,0.051082,,,,,59963.90,19758.38,79722.28,,0,,,,,,0,,0,14034280.27,0,0,0,0,N,,,,,,,,,,,2538372,871188,1667184,956667,1.7427,1,20151231,2462785,862726,1600059,937368,1.7069,1,20141231,1974663,652731,1321932,717500,1.8424,1,20160101,20160930,20131111,19940000,,,,,,,YN,,20131230,20131230,1,,,,CREFC,,1648184,1.7228,1581059,1.6867,1307682,1.8225,N,,,,,0,61271.45,,0,0,0,,N,,14650000,N,,,,,,,,,,,0,,,,0,,,,,WF,S,20161115,20161212,N,,,,,,,0,JPMBB13C17,,,,,,
JPMBB13C17,,301410021,21,20161216,13679239.88,0,20161205,,0.0502,20231105,0.000513,,,,,0.000005,0.049682,,,,,57224.82,19769.36,76994.18,,13659470.52,,20161205,2548204.72,,9,0,,0,0,0,0,0,0,N,,,,,,,,,,,2602249,1323875,1278374,923930,1.3836,0.85,20151231,2563502,1166896,1396606,923930,1.5115,0.96,20141231,2652590,1362456,1290134,923930,1.3963,0.93,20151001,20160930,20131010,19100000,,,,,,,TN,,20131230,20131230,1,,,,CREFC,,1207374,1.3067,1325606,1.4347,1219134,1.3195,X,,,,,250.59,0,,0,0,0,,N,,14310000,S2,,,,,,,,,,,0,,,,0,,,,,WF,S,20161115,20161212,N,,,,,,,0,JPMBB13C17,,,,,,
JPMBB13C17,,883100182,22,20161216,13218418.12,13199636.33,20161206,,0.050870,20231206,0.000113,,,,,0.000005,0.050752,,,,,56035.08,18781.79,74816.87,,0,,,,,,0,,0,13199636.33,0,0,0,0,N,,,,,,,,,,,3137581,1654697,1482884,897802,1.6516,0.91,20151231,3106318,1601454,1504864,897802,1.6761,0.94,20141231,2509804,1243547,1266257,673351,1.8805,0.95,20160101,20160930,20131008,18500000,,,,,,,YN,,20131230,20131230,1,,,,CREFC,,1206386,1.3437,1228366,1.3681,1058885,1.5725,N,,,,,0,457598.27,,0,0,0,,N,,13800000,S2,,,,,,,,,,,0,,,,0,,,,,WF,S,20161115,20161212,N,,,,,,,0,JPMBB13C17,,,,,,
JPMBB13C17,,883100173,23,20161216,13047515.03,13029960.38,20161206,,0.054420,20231106,0.000113,,,,,0.000005,0.054302,,,,,59170.48,17554.65,76725.13,,0,,,,,,0,,0,13029960.38,0,0,0,0,N,,,,,,,,,,,3183284,1399798,1783486,920701,1.9370,0.98,20151231,2894631,1467952,1426679,920702,1.5495,0.96,20141231,2507697,1069370,1438327,690526,2.0829,0.94,20160101,20160930,20131030,23200000,,,,,,,YN,,20131230,20131230,1,,,,CREFC,,1692011,1.8377,1335204,1.4502,1369721,1.9835,N,,,,,0,503358.08,,0,0,0,,N,,13600000,S1,,,,,,,,,,,0,,,,0,,,,,WF,S,20161115,20161212,N,,,,,,,0,JPMBB13C17,,,,,,
JPMBB13C17,,301410024,24,20161216,12435936.10,12418211.06,20161201,,0.051024,20231101,0.000113,,,,,0.000005,0.050906,,,,,52877.60,17725.04,70602.64,,0,,,,,,0,,0,12418211.06,0,0,0,0,N,,,,,,,,,,,3222935,1665309,1557626,847231,1.8384,0.78,20151231,3212803,1758063,1454740,847231,1.7170,0.83,20141231,3404141,1692222,1711919,847232,2.0206,0.80,20151001,20160930,20130924,18100000,,,,,,,TN,,20131230,20131230,1,,,,CREFC,,1233827,1.4563,1130941,1.3348,1388120,1.6384,N,,,,,8.49,477175.15,,0,0,0,,N,,13000000,H,,,,,,,,,,,0,,,,0,,,,,WF,S,20161115,20161212,N,,,,,,,0,JPMBB13C17,,,,,,
JPMBB13C17,,301410026,26,20161216,11302753.19,11286694.68,20161201,,0.050875,20231201,0.000113,,,,,0.000005,0.050757,,,,,47918.96,16058.51,63977.47,,0,,,,,,0,,0,11286694.68,0,0,0,0,N,,,,,,,,,,,4514436,3078107,1436329,767730,1.8708,0.79,20151231,3978461,2560729,1417732,767729,1.8466,0.71,20141231,3737962,2170185,1567777,575797,2.7227,0.83,20160101,20160930,20131001,19000000,,,,,,,YN,,20131230,20131230,1,,,,CREFC,,1284435,1.6730,1265838,1.6488,1453857,2.5249,X,,,,,0,490888.16,,0,0,0,,N,,11800000,S1,,,,,,,,,,,0,,,,0,,,,,WF,S,20161115,20161212,N,,,,,,,0,JPMBB13C17,,,,,,
JPMBB13C17,,883100157,25,20161216,11287430.11,11265607.44,20161206,,0.0556,20231006,0.000113,,,,,0.000005,0.055482,,,,,52298.43,21822.67,74121.10,,0,,,,,,0,,0,11265607.43,0,38985.25,0,0,N,,,,,,,,,,,11120001,9729149,1390852,889453,1.5637,0.55,20151231,11075163,9491486,1583677,889453,1.7805,0.54,20141228,5123026,4734582,388444,444727,0.8734,0.48,20160101,20160626,20130816,21600000,,,,,,,YN,,20131230,20131230,1,,,,CREFC,,930156,1.0457,1122981,1.2625,158096,0.3554,N,,,,,0,283975.78,20150511,0,0,0,,N,,12000000,S2,,,,,,,,,,,0,,,,0,,,,,WF,S,20161115,20161212,N,,,,,,,0,JPMBB13C17,,,,,,
JPMBB13C17,,301410027,27,20161216,11070508.57,11053245.64,20161201,,0.045630,20181101,0.000113,,,,,0.000005,0.045512,,,,,42095.61,17262.93,59358.54,,0,,,,,,0,,0,11053245.64,0,0,0,0,N,,,,,,,,,,,3456625,1734502,1722123,712302,2.4176,0.89,20151231,2390304,1897928,492376,712302,0.6912,0.91,20141231,2372230,1249580,1122650,534226,2.1014,0.83,20160101,20160930,20130619,15700000,,,,,,,YN,,20131230,20131230,1,,,,CREFC,,1570017,2.2041,340270,0.4777,1008571,1.8879,N,,,,,10.09,199462.55,,0,0,0,,N,,11629000,S2,,,,,,,,,,,0,,,,0,,,,,WF,S,20161115,20161212,N,,,,,,,0,JPMBB13C17,,,,,,
JPMBB13C17,,301410028,28,20161216,10997689.59,10981563.25,20161201,,0.0490,20231201,0.000113,,,,,0.000005,0.048882,,,,,44907.23,16126.34,61033.57,,0,,,,,,0,,0,10981563.25,0,0,0,0,N,,,,,,,,,,,1257048,213967,1043081,732402,1.4241,1,20151231,1260191,196054,1064137,732402,1.4529,1,20141231,965076,163397,801679,549301,1.4594,1,20160101,20160930,20130924,17080000,,,,,,,YN,,20131230,20131230,1,,,,CREFC,,984218,1.3438,1005274,1.3725,757532,1.3790,N,,,,,38.01,196740.15,,0,0,0,,N,,11500000,S1,,,,,,,,,,,0,,,,0,,,,,WF,S,20161115,20161212,N,,,,,,,0,JPMBB13C17,,,,,,
JPMBB13C17,,301410029,29,20161216,10731890.65,10716752.48,20161205,,0.0513,20231205,0.000113,,,,,0.000005,0.051182,,,,,45878.83,15138.17,61017,,0,,,,,,0,,0,10716752.48,0,0,0,0,N,,,,,,,,,,,3758424,2483187,1275237,732204,1.7416,0.71,20151231,,,,,,,,2734696,1974356,760340,549153,1.3845,0.70,20160101,20160930,20131031,16500000,,,,,,,YN,,20131230,20131230,1,,,,CREFC,,1125028,1.5364,,,647684,1.1794,N,,,,,0,125835.80,20161011,0,0,0,,N,,11200000,S2,,,,,,,,,,,0,,,,0,,,,,WF,S,20161115,20161212,N,,,,,,,0,JPMBB13C17,,,,,,
JPMBB13C17,,301410030,30,20161216,10022026.17,10007124.22,20161205,,0.0485,20231105,0.000413,,,,,0.000005,0.048082,,,,,40505.69,14901.95,55407.64,,0,,,,,,0,,0,10007124.22,0,0,0,0,N,,,,,,,,,,,2071835,877790,1194045,664892,1.7958,0.90,20151231,2051009,977523,1073486,664892,1.6145,0.93,20141231,1554268,646650,907618,498669,1.82,0.94,20160101,20160930,20131009,14500000,,,,,,,YN,,20131230,20131230,1,,,,CREFC,20150720,1136045,1.7086,1015486,1.5272,864118,1.7328,X,,,,,36.53,29871.69,,0,0,0,,N,,10500000,S2,,,,,,,,,,,0,,,,0,,,,,WF,S,20161115,20161212,N,,,,,,,0,JPMBB13C17,,,,,,
JPMBB13C17,,301410010,10,20161216,10005000,9992978.50,20161201,,0.05,20231101,0.000588,,,,,0.000005,0.049407,,,,,41687.50,12021.50,53709,,0,,,,,,0,,0,9992978.50,0,0,0,0,N,,,,,,,,,,,3101479,1620281,1481198,507198,2.9203,0.96,20151231,2782658,1507592,1275066,507197,2.5139,0.94,20141231,2389539,1191941,1197598,382135,3.1339,0.95,20160101,20160930,20130918,17300000,,,,,,,YN,,20131230,20131230,1,,,,CREFC,,1329315,2.6208,1123183,2.2144,1083685,2.8358,X,,,,,50.84,211402.72,,0,0,0,,N,,10005000,S1,,,,,,,,,,,0,,,,0,,,,,WF,S,20161115,20161212,N,,,,,,,0,JPMBB13C17,,,,,,
JPMBB13C17,,301410033,33,20161216,9631675.59,9619874.54,20161201,,0.0520,20231201,0.000113,,,,,0.000005,0.051882,,,,,41737.26,11801.05,53538.31,,0,,,,,,0,,0,9619874.54,0,0,0,0,N,,,,,,,,,,,1553733,549707,1004026,514041,1.9532,0.93,20151231,1491914,565530,926384,514041,1.8021,0.94,20141231,1236787,473864,762923,481845,1.5833,0.99,20160101,20160930,20130822,13000000,,,,,,,YN,,20131230,20131230,1,,,,CREFC,,964766,1.8768,887124,1.7257,733478,1.5222,N,,,,,3.56,25205.67,,0,0,0,,N,,9750000,S2,,,,,,,,,,,0,,,,0,,,,,WF,S,20161115,20161212,N,,,,,,,0,JPMBB13C17,,,,,,
JPMBB13C17,,301410031,31,20161216,9533070.47,9512595.28,20161201,,0.047220,20200731,0.000113,,,,,0.000005,0.047102,,,,,37512.63,20475.19,57987.82,,0,,,,,,0,,0,9512595.28,0,0,0,0,N,,,,,,,,,,,2350520,867472,1483048,695853,2.1312,0.97,20151231,2119633,915169,1204464,695854,1.7309,0.97,20141231,2373913,929117,1444796,695853,2.0762,0.94,20151001,20160930,20130908,14040000,,,,,,20181101,TN,,20131230,20131230,1,,,,CREFC,,1295808,1.8621,1017224,1.4618,1257556,1.8072,N,,,,,81.58,154793.28,,0,0,0,,N,,10200000,H,,,,,,,,,,,0,,,,0,,,,,WF,S,20161115,20161212,N,,,,,,,0,JPMBB13C17,,,,,,
JPMBB13C17,,883100186,32,20161216,9497555.85,9484480.41,20161206,,0.052730,20231206,0.000113,,,,,0.000005,0.052612,,,,,41733.84,13075.44,54809.28,,0,,,,,,0,,0,9484480.42,0,0,0,0,N,,,,,,,,,,,1495034,639352,855682,657711,1.3009,0.79,20151231,1602897,605834,997063,657711,1.5159,0.93,20141231,1082406,498399,584007,493284,1.1839,0.79,20160101,20160930,20131025,13200000,,,,,,,YN,,20131230,20131230,1,,,,CREFC,,735524,1.1183,876905,1.3332,493889,1.0012,N,,,,,0,24191.38,20160711,0,0,0,,N,,9900000,S1,,,,,,,,,,,0,,,,0,,,,,WF,S,20161115,20161212,N,,,,,,,0,JPMBB13C17,,,,,,
JPMBB13C17,,301410011,11,20161216,9305000,9293819.58,20161201,,0.05,20231101,0.000588,,,,,0.000005,0.049407,,,,,38770.83,11180.42,49951.25,,0,,,,,,0,,0,9293819.58,0,0,0,0,N,,,,,,,,,,,2732988,1472307,1260681,471712,2.6725,0.96,20151231,2652848,1409019,1243829,471712,2.6368,0.94,20141231,2141365,1120523,1020842,355399,2.8723,0.96,20160101,20160930,20130918,17400000,,,,,,,YN,,20131230,20131230,1,,,,CREFC,,1139593,2.4158,1122741,2.3801,930026,2.6168,X,,,,,38.58,161930.90,,0,0,0,,N,,9305000,S1,,,,,,,,,,,0,,,,0,,,,,WF,S,20161115,20161212,N,,,,,,,0,JPMBB13C17,,,,,,
JPMBB13C17,,301410035,35,20161216,9055032.55,9042259.71,20161205,,0.0513,20231205,0.000688,,,,,0.000005,0.050607,,,,,38710.26,12772.84,51483.10,,0,,,,,,0,,0,9042259.71,0,0,0,0,N,,,,,,,,,,,983231,292315,690916,617797,1.1183,0.39,20151231,1126912,254233,872679,617797,1.4125,0.91,20141231,383854,180343,203511,463348,0.4392,0.39,20160101,20160930,20131022,12800000,,,,,,,YN,,20131230,20131230,1,,,,CREFC,,599924,0.9710,781687,1.2652,135267,0.2919,N,,,,,0,541755.16,20160311,0,0,0,,N,,9450000,N,,,,,,,,,,,0,,,,0,,,,,WF,S,20161115,20161212,N,,,,,,,0,JPMBB13C17,,,,,,
JPMBB13C17,,883100170,34,20161216,9032839.51,9015121.39,20161206,,0.054080,20231106,0.000113,,,,,0.000005,0.053962,,,,,40708,17718.12,58426.12,,0,,,,,,0,,0,9015121.39,0,0,0,0,N,,,,,,,,,,,2349361,1167004,1182357,701113,1.6864,0.70,20151231,2190201,1053160,1137041,701113,1.6217,0.66,20141231,1680993,850839,830154,525835,1.5787,0.78,20160101,20160930,20130717,15000000,,,,,,,YN,,20131230,20131230,1,,,,CREFC,,987039,1.4078,941723,1.3431,683666,1.3001,N,,,,,0,128080.70,,0,0,0,,N,,9600000,S1,,,,,,,,,,,0,,,,0,,,,,WF,S,20161115,20161212,N,,,,,,,0,JPMBB13C17,,,,,,
JPMBB13C17,,301410012,12,20161216,8940000,8929258.15,20161201,,0.05,20231101,0.000588,,,,,0.000005,0.049407,,,,,37250,10741.85,47991.85,,0,,,,,,0,,0,8929258.15,0,0,0,0,N,,,,,,,,,,,2569474,1385898,1183576,453208,2.6115,0.94,20151231,2440247,1273716,1166531,453209,2.5739,0.97,20141231,2049398,1019029,1030369,341458,3.0175,0.96,20160101,20160930,20130918,15200000,,,,,,,YN,,20131230,20131230,1,,,,CREFC,,1084657,2.3932,1067612,2.3556,956179,2.8002,X,,,,,35.31,147472.86,,0,0,0,,N,,8940000,S1,,,,,,,,,,,0,,,,0,,,,,WF,S,20161115,20161212,N,,,,,,,0,JPMBB13C17,,,,,,
JPMBB13C17,,301410038,38,20161216,8885195.23,8873826.53,20161205,,0.0496,20231205,0.000313,,,,,0.000005,0.049282,,,,,36725.47,11368.70,48094.17,,0,,,,,,0,,0,8873826.53,0,0,0,0,N,,,,,,,,,,,925309,147469,777840,452600,1.7186,0.86,20151231,862923,197467,665456,452600,1.4702,1,20141231,680691,106069,574622,432848,1.3275,1,20160101,20160930,20131125,12200000,,,,,,,YN,,20131230,20131230,1,,,,CREFC,,767517,1.6957,655133,1.4474,566880,1.3096,N,,,,,2.83,30979.24,,0,0,0,,N,,9000000,S2,,,,,,,,,,,0,,,,0,,,,,WF,S,20161115,20161212,N,,,,,,,0,JPMBB13C17,,,,,,
JPMBB13C17,,301410039,39,20161216,8700000,8700000,20161201,,0.0506,20231001,0.000113,,,,,0.000005,0.050482,,,,,36685,0,36685,,0,,,,,,0,,0,8700000,0,0,0,0,N,,,,,,,,,,,1782888,823225,959663,446335,2.15,0.89,20151231,1726075,653259,1072816,446334,2.4036,0.90,20141231,826039,441761,384278,223778,1.7172,0.89,20160101,20160630,20130910,14600000,,,,,,,YN,,20131230,20131230,1,,,,CREFC,,930663,2.0851,1043816,2.3386,369778,1.6524,X,,,,,0,2996134.89,20161212,0,0,0,,N,,8700000,S2,,,,,,,,,,,0,,,,0,,,,,WF,S,20161115,20161212,N,,,,,,,0,JPMBB13C17,,,,,,
JPMBB13C17,,883100184,41,20161216,8223757.29,8213662.97,20161206,,0.0519,20231206,0.000113,,,,,0.000005,0.051782,,,,,35567.75,10094.32,45662.07,,0,,,,,,0,,0,8213662.97,0,0,0,0,N,,,,,,,,,,,1068096,222636,845460,438069,1.9299,0.83,20151231,1013455,249262,764193,438068,1.7444,0.88,20141231,,,,,,,,,,11100000,,,,,,,,,20131230,20131230,3,,,,CREFC,,826060,1.8856,744793,1.7001,,,N,,,,,0,58272.02,,0,0,0,,N,,8325000,S2,,,,,,,,,,,0,,,,0,,,,,WF,S,20161115,20161212,N,,,,,,,0,JPMBB13C17,,,,,,
JPMBB13C17,,883100169,40,20161216,8196741.01,8184755.10,20161206,,0.0495,20231106,0.000613,,,,,0.000005,0.048882,,,,,33811.56,11985.91,45797.47,,0,,,,,,0,,0,8184755.10,0,0,0,0,N,,,,,,,,,,,1327414,582526,744888,549569,1.3554,0.96,20151231,1306256,548645,757611,549569,1.3785,0.90,20141231,645914,284291,361623,274784,1.3160,0.87,20160101,20160630,20130827,11630000,,,,,,,YN,,20131230,20131230,1,,,,CREFC,,718859,1.3080,731582,1.3311,348609,1.2686,N,,,,,0,79448.92,,0,0,0,,N,,8580000,S2,,,,,,,,,,,0,,,,0,,,,,WF,S,20161115,20161212,N,,,,,,,0,JPMBB13C17,,,,,,
JPMBB13C17,,301410042,42,20161216,7860577.31,7849582.96,20161205,,0.0518,20231205,0.000488,,,,,0.000005,0.051307,,,,,33931.49,10994.35,44925.84,,0,,,,,,0,,0,7849582.96,0,0,0,0,N,,,,,,,,,,,1338974,388308,950666,539110,1.7633,0.92,20151231,1285002,410489,874513,539110,1.6221,0.92,20141231,1011038,292312,718726,404333,1.7775,1,20160101,20160930,20131022,11400000,,,,,,,YN,,20131230,20131230,1,,,,CREFC,,886290,1.6439,874513,1.6221,670444,1.6581,N,,,,,0,102786.24,,0,0,0,,N,,8200000,N,,,,,,,,,,,0,,,,0,,,,,WF,S,20161115,20161212,N,,,,,,,0,JPMBB13C17,,,,,,
JPMBB13C17,,883100167,43,20161216,7706348.22,7696021.08,20161206,,0.0490,20181106,0.000513,,,,,0.000005,0.048482,,,,,31467.59,10327.14,41794.73,,0,,,,,,0,,0,7696021.09,0,0,0,0,N,,,,,,,,,,,2418544,1325402,1093142,454416,2.4055,0.96,20151231,2184254,1225249,959005,391234,2.4512,0.92,20141231,1908744,980235,928509,376153,2.4684,0.94,20160101,20160930,20130828,10550000,,,,,,,YN,,20131230,20131230,1,,,,CREFC,,1005262,2.2122,871125,2.2266,862599,2.2932,N,,,,,0,98497.07,,0,0,0,,N,,7875000,S1,,,,,,,,,,,0,,,,0,,,,,WF,S,20161115,20161212,N,,,,,,,0,JPMBB13C17,,,,,,
JPMBB13C17,,301410045,45,20161216,7181664.95,7171396.67,20161205,,0.0505,20231205,0.000713,,,,,0.000005,0.049782,,,,,30222.84,10268.28,40491.12,,0,,,,,,0,,0,7171396.67,0,0,0,0,N,,,,,,,,,,,1095094,362954,732140,485893,1.5067,1,20151231,1189971,392320,797651,485893,1.6416,0.86,20141231,590155,258786,331369,364419,0.9093,1,20160101,20160930,20131104,10500000,,,,,,,YN,,20131230,20131230,1,,,,CREFC,,661820,1.3620,727331,1.4968,278629,0.7645,N,,,,,0.12,530399.32,20160811,0,0,0,,N,,7500000,S1,,,,,,,,,,,0,,,,0,,,,,WF,S,20161115,20161212,N,,,,,,,0,JPMBB13C17,,,,,,
JPMBB13C17,,883100187,44,20161216,7019561.52,6998129.64,20161206,,0.050860,20231206,0.000113,,,,,0.000005,0.050742,,,,,29751.24,21431.88,51183.12,,0,,,,,,0,,0,6998129.64,0,0,0,0,N,,,,,,,,,,,951905,168371,783534,614197,1.2757,1,20151228,1011331,244551,766780,614197,1.2484,1,20141231,726711,125978,600733,460648,1.3041,1,20160101,20160930,20131010,11850000,,,,,,,YN,,20131230,20131230,1,,,,CREFC,20150224,741540,1.2073,724786,1.18,569239,1.2357,N,,,,,0,100278.64,,0,0,0,,N,,7700000,S2,,,,,,,,,,,0,,,,0,,,,,WF,S,20161115,20161212,N,,,,,,,0,JPMBB13C17,,,,,,
JPMBB13C17,,301410046,46,20161216,6870892.35,6860835.37,20161201,,0.049740,20231001,0.000113,,,,,0.000005,0.049622,,,,,28479.85,10056.98,38536.83,,0,,,,,,0,,0,6860835.37,0,0,0,0,N,,,,,,,,,,,2666900,1393083,1273817,462441,2.7545,0.61,20151231,2130824,1216901,913923,462442,1.9762,0.53,20141231,2074445,1089497,984948,346831,2.8398,0.62,20160101,20160930,20130701,12750000,,,,,,,YN,,20131230,20131230,1,,,,CREFC,,1185512,2.5635,825618,1.7853,918720,2.6488,X,,,,,49.33,239045.25,,0,0,0,,N,,7200000,N,,,,,,,,,,,0,,,,0,,,,,WF,S,20161115,20161212,N,,,,,,,0,JPMBB13C17,,,,,,
JPMBB13C17,,301410047,47,20161216,6802678.28,6793066.30,20161201,,0.0512,20231201,0.000113,,,,,0.000005,0.051082,,,,,29024.76,9611.98,38636.74,,0,,,,,,0,,0,6793066.30,0,0,0,0,N,,,,,,,,,,,1306821,555490,751331,463641,1.6205,0.86,20151231,1315971,563231,752740,463641,1.6235,0.89,20141231,1005144,382649,622495,347731,1.7901,0.87,20160101,20160930,20130620,12100000,,,,,,,YN,,20131230,20131230,1,,,,CREFC,,733439,1.5819,734848,1.5849,609076,1.7515,N,,,,,0,139876,20161212,0,0,0,,N,,7100000,S2,,,,,,,,,,,0,,,,0,,,,,WF,S,20161115,20161212,N,,,,,,,0,JPMBB13C17,,,,,,
JPMBB13C17,,301410048,48,20161216,6702421.24,6693213.91,20161201,,0.0535,20231001,0.000113,,,,,0.000005,0.053382,,,,,29881.63,9207.33,39088.96,,0,,,,,,0,,0,6693213.91,0,0,0,0,N,,,,,,,,,,,1387491,354431,1033060,469067,2.2023,1,20151231,1244737,303363,941374,469067,2.0069,1,20141231,1183628,261681,921947,351800,2.6206,1,20160101,20160930,20130409,10900000,,,,,,,YN,,20131230,20131230,1,,,,CREFC,,1002060,2.1362,910374,1.9408,898697,2.5545,N,,,,,4.52,98237.25,,0,0,0,,N,,7000000,S2,,,,,,,,,,,0,,,,0,,,,,WF,S,20161115,20161212,N,,,,,,,0,JPMBB13C17,,,,,,
JPMBB13C17,,301410049,49,20161216,6565365.66,6555038.19,20161201,,0.0451,20181101,0.000113,,,,,0.000005,0.044982,,,,,24674.83,10327.47,35002.30,,0,,,,,,0,,0,6555038.19,0,0,0,0,N,,,,,,,,,,,1132661,654562,478099,420028,1.1382,0.92,20151231,1206943,659549,547394,420028,1.3032,0.81,20141231,1267984,646273,621711,420028,1.4801,0.97,20151001,20160930,20130723,9600000,,,,,,,TN,,20131230,20131230,1,,,,CREFC,,441178,1.0503,510473,1.2153,584790,1.3922,X,,,,,12.46,27648,,0,0,0,,N,,6900000,SF,,,,,,,,,,,0,,,,0,,,,,WF,S,20161115,20161212,N,,,,,,,0,JPMBB13C17,,,,,,
JPMBB13C17,,301410050,50,20161216,5365199.83,5357779.17,20161201,,0.0528,20231101,0.000113,,,,,0.000005,0.052682,,,,,23606.88,7420.66,31027.54,,0,,,,,,0,,0,5357779.17,0,0,0,0,N,,,,,,,,,,,925243,282036,643207,372330,1.7275,0.98,20151231,893789,296437,597352,372330,1.6043,0.97,20141230,719586,240272,479314,279248,1.7164,1,20160101,20160930,20130827,7200000,,,,,,,YN,,20131230,20131230,1,,,,CREFC,,618407,1.6609,572552,1.5377,460714,1.6498,N,,,,,0.05,4133.34,,0,0,0,,N,,5600000,S2,,,,,,,,,,,0,,,,0,,,,,WF,S,20161115,20161212,N,,,,,,,0,JPMBB13C17,,,,,,
JPMBB13C17,,883100155,36,20161216,5119385.08,5109501.42,20161206,,0.0562,20230906,0.000113,,,,,0.000005,0.056082,,,,,23975.79,9883.66,33859.45,,0,,,,,,0,,0,5109501.42,0,0,0,0,N,,,,,,,,,,,1877232,1084674,792558,406313,1.9506,0.98,20151231,1762740,1173758,588982,406313,1.4495,0.98,20141231,1461051,815220,645831,304735,2.1193,0.99,20160101,20160930,20130814,8300000,,,,,,,YN,,20131230,20131230,1,,,,CREFC,,698158,1.7182,494582,1.2172,575031,1.8869,N,,,,,0,150319.89,,0,0,0,,N,,5450000,S1,,,,,,,,,,,0,,,,0,,,,,WF,S,20161115,20161212,N,,,,,,,0,JPMBB13C17,,,,,,
JPMBB13C17,,301410051,51,20161216,4932387.45,4925518.94,20161201,,0.0524,20231101,0.000113,,,,,0.000005,0.052282,,,,,21538.09,6868.51,28406.60,,0,,,,,,0,,0,4925518.94,0,0,0,0,N,,,,,,,,,,,680565,229359,451206,340879,1.3236,1,20150930,659352,238307,421045,340879,1.2351,1,20140930,175171,74004,101167,85219,1.1871,1,20160101,20160331,20130829,8300000,,,,,,,YN,,20131230,20131230,1,,,,CREFC,,437864,1.2845,407703,1.1960,97832,1.1480,N,,,,,0,1517,,0,0,0,,N,,5150000,S2,,,,,,,,,,,0,,,,0,,,,,WF,S,20161115,20161212,N,,,,,,,0,JPMBB13C17,,,,,,
JPMBB13C17,,883100166,52,20161216,4917384.07,4910794.37,20161206,,0.0490,20181106,0.000513,,,,,0.000005,0.048482,,,,,20079.32,6589.70,26669.02,,0,,,,,,0,,0,4910794.37,0,0,0,0,N,,,,,,,,,,,1506915,893378,613537,289960,2.1159,0.93,20151231,1409740,818183,591557,249645,2.3695,0.94,20141231,794677,410981,383696,160014,2.3978,0.92,20160101,20160630,20130828,6870000,,,,,,,YN,,20131230,20131230,1,,,,CREFC,,573537,1.9779,551557,2.2093,363696,2.2729,N,,,,,0,17455.11,,0,0,0,,N,,5025000,S2,,,,,,,,,,,0,,,,0,,,,,WF,S,20161115,20161212,N,,,,,,,0,JPMBB13C17,,,,,,
JPMBB13C17,,301410053,53,20161216,4604761.18,4598418.49,20161205,,0.0527,20231205,0.000788,,,,,0.000005,0.051907,,,,,20222.58,6342.69,26565.27,,0,,,,,,0,,0,4598418.49,0,0,0,0,N,,,,,,,,,,,,,,,,,,679568,230344,449224,318783,1.4091,1,20141231,550412,220900,329512,239087,1.3782,1,20160101,20160930,20131007,6910000,,,,,,,YN,,20131230,20131230,1,,,,CREFC,,,,440824,1.3828,323212,1.3518,N,,,,,0,20524.83,,0,0,0,,N,,4800000,N,,,,,,,,,,,0,,,,0,,,,,WF,S,20161115,20161212,N,,,,,,,0,JPMBB13C17,,,,,,
JPMBB13C17,,883100183,54,20161216,4122699.37,4116952.63,20161206,,0.0520,20231206,0.000113,,,,,0.000005,0.051882,,,,,17865.03,5746.74,23611.77,,0,,,,,,0,,0,4116952.63,0,0,0,0,N,,,,,,,,,,,1053063,334313,718750,283341,2.5366,0.88,20151231,1013479,321427,692052,283341,2.4424,0.85,20141231,890027,273121.08,616905.92,212505.75,2.9030,0.88,20160101,20160930,20131009,7700000,,,,,,,YN,,20131230,20131230,1,,,,CREFC,,712479,2.5145,685781,2.4203,612202.67,2.8808,N,,,,,0,18824.61,,0,0,0,,N,,4300000,S1,,,,,,,,,,,0,,,,0,,,,,WF,S,20161115,20161212,N,,,,,,,0,JPMBB13C17,,,,,,
JPMBB13C17,,301410055,55,20161216,4007551.33,4002175.60,20161201,,0.0526,20231101,0.000113,,,,,0.000005,0.052482,,,,,17566.43,5375.73,22942.16,,0,,,,,,0,,0,4002175.60,0,0,0,0,N,,,,,,,,,,,861942,342038,519904,275306,1.8884,0.90,20151231,781859,318999,462860,252156,1.8356,0.94,20141231,735997,262622,473375,206479,2.2926,0.94,20160101,20160930,20130809,5700000,,,,,,,YN,,20131230,20131230,1,,,,CREFC,20160502,509027,1.8489,451983,1.7924,465218,2.2531,N,,,,,0,33882.75,,0,0,0,,N,,4150000,N,,,,,,,,,,,0,,,,0,,,,,WF,S,20161115,20161212,N,,,,,,,0,JPMBB13C17,,,,,,
JPMBB13C17,,883100168,56,20161216,3977943.57,3972612.80,20161206,,0.0490,20181106,0.000513,,,,,0.000005,0.048482,,,,,16243.27,5330.77,21574.04,,0,,,,,,0,,0,3972612.80,0,0,0,0,N,,,,,,,,,,,1323025,762527,560498,234565,2.3895,0.93,20151231,1213009,712944,500065,201951,2.4761,0.99,20141231,704103,361860,342243,129444,2.6439,0.92,20160101,20160630,20130828,5440000,,,,,,,YN,,20131230,20131230,1,,,,CREFC,,524498,2.2360,464065,2.2979,324243,2.5048,N,,,,,0,45744.80,,0,0,0,,N,,4065000,S1,,,,,,,,,,,0,,,,0,,,,,WF,S,20161115,20161212,N,,,,,,,0,JPMBB13C17,,,,,,
JPMBB13C17,,301410057,57,20161216,3553289.78,3548502.94,20161201,,0.0540,20231201,0.000113,,,,,0.000005,0.053882,,,,,15989.80,4786.84,20776.64,,0,,,,,,0,,0,3548502.94,0,0,0,0,N,,,,,,,,,,,688036,231812,456224,249319,1.8298,0.87,20151231,679170,236121,443049,249320,1.7770,0.88,20141231,515190,184221,330969,186990,1.7699,0.87,20160101,20160930,20131015,6150000,,,,,,,YN,,20131230,20131230,1,,,,CREFC,,410699,1.6472,397524,1.5944,296825,1.5873,N,,,,,2.45,80986.78,,0,0,0,,N,,3700000,S2,,,,,,,,,,,0,,,,0,,,,,WF,S,20161115,20161212,N,,,,,,,0,JPMBB13C17,,,,,,
JPMBB13C17,,883100154,37,20161216,3475545.87,3468835.86,20161206,,0.0562,20230906,0.000113,,,,,0.000005,0.056082,,,,,16277.14,6710.01,22987.15,,0,,,,,,0,,0,3468835.86,0,0,0,0,N,,,,,,,,,,,1380826,903144,477682,275846,1.7316,0.98,20151231,1326127,905712,420415,275846,1.5240,0.98,20141231,1021913,660118,361795,206884,1.7487,0.95,20160101,20160930,20130814,5800000,,,,,,,YN,,20131230,20131230,1,,,,CREFC,,405682,1.4706,348415,1.2630,307795,1.4877,N,,,,,0,128304.21,,0,0,0,,N,,3700000,S1,,,,,,,,,,,0,,,,0,,,,,WF,S,20161115,20161212,N,,,,,,,0,JPMBB13C17,,,,,,
JPMBB13C17,,883100149,58,20161216,3238881.46,3232580.05,20161206,,0.055625,20230906,0.000113,,,,,0.000005,0.055507,,,,,15013.57,6301.41,21314.98,,0,,,,,,0,,0,3232580.04,0,0,0,0,N,,,,,,,,,,,1024268,598386,425882,255780,1.6650,0.99,20151231,989885,585556,404329,255780,1.5807,0.97,20141231,761042,431349,329693,191835,1.7186,0.97,20160101,20160930,20130725,5300000,,,,,,,YN,,20131230,20131230,1,,,,CREFC,,368282,1.4398,346729,1.3555,286493,1.4934,N,,,,,0,50051.17,20150911,0,0,0,,N,,3450000,S1,,,,,,,,,,,0,,,,0,,,,,WF,S,20161115,20161212,N,,,,,,,0,JPMBB13C17,,,,,,
JPMBB13C17,,301410060,60,20161216,3170178.39,3165936.87,20161201,,0.0544,20231201,0.000113,,,,,0.000005,0.054282,,,,,14371.48,4241.52,18613,,0,,,,,,0,,0,3165936.87,0,0,0,0,N,,,,,,,,,,,667011,264807,402204,223356,1.8007,0.89,20151231,681018,248713,432305,223356,1.9354,0.94,20141231,454485,200460,254025,167517,1.5164,0.93,20160101,20160930,20131004,4500000,,,,,,,YN,,20131230,20131230,1,,,,CREFC,,367804,1.6467,397905,1.7814,228225,1.3623,N,,,,,0,38533.23,,0,0,0,,N,,3300000,S2,,,,,,,,,,,0,,,,0,,,,,WF,S,20161115,20161212,N,,,,,,,0,JPMBB13C17,,,,,,
JPMBB13C17,,883100163,59,20161216,3154384.77,3148375.82,20161206,,0.0567,20231006,0.000113,,,,,0.000005,0.056582,,,,,14904.47,6008.95,20913.42,,0,,,,,,0,,0,3148375.83,0,0,0,0,N,,,,,,,,,,,2359355,1481591,877764,250961,3.4976,0.78,20151231,2118289,1444870,673419,250961,2.6833,0.73,20141231,507243,339917,167326,62740,2.6669,0.78,20160101,20160331,20130726,6500000,,,,,,,YN,,20131230,20131230,1,,,,CREFC,,807463,3.2174,603118,2.4032,149751,2.3868,N,,,,,0,164064.32,,0,0,0,,N,,3350000,S2,,,,,,,,,,,0,,,,0,,,,,WF,S,20161115,20161212,N,,,,,,,0,JPMBB13C17,,,,,,
JPMBB13C17,,883100165,61,20161216,2823179.99,2819017.03,20161206,,0.0490,20181106,0.000113,,,,,0.000005,0.048882,,,,,11527.98,4162.96,15690.94,,0,,,,,,0,,0,2819017.03,0,0,0,0,N,,,,,,,,,,,614569,206635,407934,188291,2.1665,0.89,20151231,577882,187519,390363,188291,2.0731,0.89,20141231,629127,251522,377605,188291,2.0054,0.94,20151001,20160930,20130730,4050000,,,,,,,TN,,20131230,20131230,1,,,,CREFC,20150507,399601,2.1222,382030,2.0289,369272,1.9611,N,,,,,0,0.90,,0,0,0,,N,,2956500,S2,,,,,,,,,,,0,,,,0,,,,,WF,S,20161115,20161212,N,,,,,,,0,JPMBB13C17,,,,,,
JPMBB13C17,,301410062,62,20161216,2666616.01,2662494.76,20161201,,0.0474,20230701,0.000113,,,,,0.000005,0.047282,,,,,10533.13,4121.25,14654.38,,0,,,,,,0,,0,2662494.76,0,0,0,0,N,,,,,,,,,,,904939,542599,362340,175852,2.0604,0.97,20151231,857679,560787,296892,175853,1.6882,0.96,20141231,696805,414617,282188,131889,2.1395,0.98,20160101,20160930,20130425,3780000,,,,,,,YN,,20131230,20131230,1,,,,CREFC,,335340,1.9069,269892,1.5347,261938,1.9860,N,,,,,56.55,39636.03,20151013,0,0,0,,N,,2812500,S2,,,,,,,,,,,0,,,,0,,,,,WF,S,20161115,20161212,N,,,,,,,0,JPMBB13C17,,,,,,
JPMBB13C17,,301410063,63,20161216,2588113.30,2584635.91,20161201,,0.0548,20231001,0.000113,,,,,0.000005,0.054682,,,,,11819.05,3477.39,15296.44,,0,,,,,,0,,0,2584635.91,0,0,0,0,N,,,,,,,,,,,443726,129881,313845,183557,1.7097,1,20151231,371019,131951,239068,183557,1.3024,0.97,20141231,370330,92258,278072,137668,2.0198,1,20160101,20160930,20130617,3600000,,,,,,,YN,,20131230,20131230,1,,,,CREFC,,282647,1.5398,207870,1.1324,254674,1.8499,N,,,,,0,98795.06,,0,0,0,,N,,2700000,S1,,,,,,,,,,,0,,,,0,,,,,WF,S,20161115,20161212,N,,,,,,,0,JPMBB13C17,,,,,,
JPMBB13C17,,301410064,64,20161216,2017712.14,2015021.81,20161201,,0.0546,20231201,0.000113,,,,,0.000005,0.054482,,,,,9180.59,2690.33,11870.92,,0,,,,,,0,,0,2015021.81,0,0,0,0,N,,,,,,,,,,,367148,99376,267772,142451,1.8797,1,20151231,374888,92741,282147,142452,1.9806,1,20141231,275361,74251,201110,106838,1.8823,1,20160101,20160930,20130626,2800000,,,,,,,YN,,20131230,20131230,1,,,,CREFC,,226604,1.5907,240979,1.6916,170234,1.5933,N,,,,,12.68,126704.12,,0,0,0,,N,,2100000,S2,,,,,,,,,,,0,,,,0,,,,,WF,S,20161115,20161212,N,,,,,,,0,JPMBB13C17,,,,,,
