JPMBB13C17,,301410001,1,20170217,114024273.6,113854455.1,20170201,,0.04366,20240101,0.000113,,,,,0.000005,0.043542,,,,,428686.93,169818.54,598505.47,,0,,,,,,0,,0,113854455.1,0,0,0,0,N,,,,,,,,,,,32881212,11354670,21526542,13167120,1.6348,0.93,20151231,32883064,11451799,21431265,13167121,1.6276,0.98,20141231,24727330,8327005,16400325,9875340,1.6607,0.93,20160101,20160930,20131115,366000000,,,,,,,YN,,20131230,20131230,1,,,,CREFC,,20626840,1.5665,20531563,1.5593,15725549,1.5924,X,,,,,0,,,0,0,0,,N,,220000000,S2,,,,,,,,,,,0,,,,0,,,,,WF,S,20170112,20170213,N,,,,,,,0,JPMBB13C17
JPMBB13C17,,301410002,2,20170217,92342395.56,92233961.54,20170201,,0.049127,20231101,0.000213,,,,,0.000005,0.048909,,,,,390643.47,108434.02,499077.49,,0,,,,,,0,,0,92233961.54,0,0,0,0,N,,,,,,,,,,,11988589,2178753,9809836,4893600,2.0046,1,20151231,11708936,2077209,9631727,4677091,2.0593,1,20141231,9064523,1497231,7567292,4491697,1.6847,1,20160101,20160930,,125500000,,,,,,,YN,,20131230,20131230,7,,,,CREFC,,8843428,1.8071,8665319,1.8527,6842489,1.5233,X,,,,,727.15,371069.35,,0,0,0,,N,,93900000,H,,,,,,,,,,,0,,,,0,,,,,WF,S,20170112,20170213,N,,,,,,,0,JPMBB13C17
JPMBB13C17,,301171001,3,20170217,88483074.45,88377330.57,20170201,,0.0483334,20231101,0.000113,,,,,0.000005,0.0482154,,,,,368270.34,105743.88,474014.22,,0,,,,,,0,,0,88377330.57,0,0,0,0,N,,,,,,,,,,,23030082,8148531,14881551,11553417,1.288,0.93,20151231,21761731,7957924.8,13803806.2,11026056.49,1.2519,0.97,20141231,17516909,5883139,11633770,10665320,1.0908,0.95,20160101,20160930,20130910,365000000,,,,,,,YN,,20131230,20131230,1,,,,CREFC,,14819551,1.2826,13741806.2,1.2463,11587270,1.0864,X,,,,,0,,20170213,0,0,0,,N,,225000000,H,,,,,,,,,,,0,,,,0,,,,,WF,S,20170112,20170213,N,,,,,,,0,JPMC13C16
JPMBB13C17,,301410004,4,20170217,71996487.55,71911651.2,20170201,,0.0487,20231201,0.000113,,,,,0.000005,0.048582,,,,,301925.27,84836.35,386761.62,,0,,,,,,0,,0,71911651.2,0,0,0,0,N,,,,,,,,,,,14732991,5783379,8949612,4641139,1.9283,0.98,20161231,14392983,5780830,8612153,3610648,2.3852,0.96,20151231,,,,,,,,,20131015,123000000,,,,,,,YN,,20131230,20131230,1,,,,CREFC,,7399686,1.5943,7062227,1.9559,,,N,,,,,0,1003760.24,,0,0,0,,N,,73125000,H,,,,,,,,,,,0,,,,0,,,,,WF,S,20170112,20170213,N,,,,,,,0,JPMBB13C17
JPMBB13C17,,883100172,5,20170217,46148990.59,46091899.17,20170206,,0.049655,20231206,0.000113,,,,,0.000005,0.049537,,,,,197326.03,57091.42,254417.45,,0,,,,,,0,,0,46091899.17,0,0,0,0,N,,,,,,,,,,,13056582,6545807,6510775,3053009,2.1325,0.81,20151231,12773272,6200117,6573155,2395398,2.744,0.85,20141231,11146617,5218056,5928561,2289756,2.5891,0.85,20160101,20160930,20131023,73200000,,,,,,,YN,,20131230,20131230,1,,,,CREFC,,6052671,1.9825,6115051,2.5528,5584983,2.4391,N,,,,,0,576406.35,,0,0,0,,N,,47580000,S1,,,,,,,,,,,0,,,,0,,,,,WF,S,20170112,20170213,N,,,,,,,0,JPMBB13C17
JPMBB13C17,,883100164,6,20170217,45894628.12,45844777.17,20170206,,0.04955,20231106,0.000113,,,,,0.000005,0.049432,,,,,195823.45,49850.95,245674.4,,0,,,,,,0,,0,45844777.17,0,0,0,0,N,,,,,,,,,,,7488811,2165060,5323751,2310957,2.3036,0.99,20151231,7143176,2124030,5019146,2310957,2.1718,0.98,20141231,5542490,1735156,3807334,1741132,2.1867,1,20160101,20160930,20130924,64600000,,,,,,,YN,,20131230,20131230,1,,,,CREFC,,4990783,2.1596,4686178,2.0278,3557609,2.0432,N,,,,,0,48061.08,,0,0,0,,N,,46000000,S2,,,,,,,,,,,0,,,,0,,,,,WF,S,20170112,20170213,N,,,,,,,0,JPMBB13C17
JPMBB13C17,,301410007,7,20170217,30928471.83,30894603.12,20170201,,0.0492,20231101,0.000413,,,,,0.000005,0.048782,,,,,131033.63,33868.71,164902.34,,0,,,,,,0,,0,30894603.12,0,0,0,0,N,,,,,,,,,,,3686014,934238,2751776,1546383,1.7794,0.83,20151231,3251572,803278,2448294,1546383,1.5832,1,20141231,2849285,660056,2189229,1165083,1.879,0.95,20160101,20160930,20130918,51000000,,,,,,,YN,,20131230,20131230,1,,,,CREFC,,2614470,1.6907,2310988,1.4944,2086250,1.7906,X,,,,,117.17,11232.07,,0,0,0,,N,,31000000,S1,,,,,,,,,,,0,,,,0,,,,,WF,S,20170112,20170213,N,,,,,,,0,JPMBB13C17
JPMBB13C17,,301410008,8,20170217,29968026.37,29935915.42,20170201,,0.049875,20231201,0.000313,,,,,0.000005,0.049557,,,,,128706.43,32110.95,160817.38,,0,,,,,,0,,0,29935915.42,0,0,0,0,N,,,,,,,,,,,5409637,2686564,2723073,1517031,1.795,0.89,20151231,4868845,2067137,2801708,1517031,1.8468,0.89,20141231,3688641,1887361,1801280,1138813,1.5817,0.92,20160101,20160930,20131009,39000000,,,,,,,YN,,20131230,20131230,1,,,,CREFC,,2447070,1.613,2525705,1.6649,1594279,1.3999,X,,,,,2106.21,1929924.36,,0,0,0,,N,,30000000,S2,,,,,,,,,,,0,,,,0,,,,,WF,S,20170112,20170213,N,,,,,,,0,JPMBB13C17
JPMBB13C17,,301410009,9,20170217,28557633.06,28518705.26,20170201,,0.048675,20231101,0.000113,,,,,0.000005,0.048557,,,,,119698.13,38927.8,158625.93,,0,,,,,,0,,0,28518705.26,0,0,0,0,N,,,,,,,,,,,4215205,2201959,2013246,1903511,1.0576,0.77,20151231,4995104,2540764,2454340,1903511,1.2893,0.83,20141231,2810291,1458605,1351686,951755,1.4202,0.8,20160101,20160630,20130918,43000000,,,,,,,YN,,20131230,20131230,1,,,,CREFC,20150410,1723272,0.9053,2164366,1.137,1206698,1.2678,X,,,,,574.48,1164953.61,,0,0,0,,N,,30000000,S1,,,,,,,,,,,0,,,,0,,,,,WF,S,20170112,20170213,N,,,,,,,0,JPMBB13C17
JPMBB13C17,,301410013,13,20170217,25375000,25375000,20170201,,0.0474,20231201,0.000113,,,,,0.000005,0.047282,,,,,103572.29,0,103572.29,,0,,,,,,0,,0,25375000,0,0,0,0,N,,,,,,,,,,,5202385,2444507,2757878,1219480,2.2615,0.85,20151231,5532300,2183805,3348495,1219480,2.7458,0.92,20141231,3285274,1404764,1880510,918786,2.0467,0.78,20160101,20160930,20131010,39600000,,,,,,,YN,,20131230,20131230,1,,,,CREFC,,2205554,1.8086,2796171,2.2929,1466268,1.5958,N,,,,,0,1337489.25,,0,0,0,,N,,25375000,SH,,,,,,,,,,,0,,,,0,,,,,WF,S,20170112,20170213,N,,,,,,,0,JPMBB13C17
JPMBB13C17,,883100181,14,20170217,24216871.9,24188049.97,20170206,,0.04825,20231206,0.000613,,,,,0.000005,0.047632,,,,,100617.74,28821.93,129439.67,,0,,,,,,0,,0,24188049.97,0,0,0,0,N,,,,,,,,,,,3604271,1546619,2057652,1203435,1.7098,0.89,20151231,4183461,1458574,2724887,1203435,2.2642,0.85,20141231,2611882,942504,1669378,1164957,1.4329,0.85,20160101,20160930,20131021,40500000,,,,,,,YN,,20131230,20131230,1,,,,CREFC,,1924163,1.5988,2591398,2.1533,1569262,1.347,X,,,,,0,39591.65,,0,0,0,,N,,24600000,S2,,,,,,,,,,,0,,,,0,,,,,WF,S,20170112,20170213,N,,,,,,,0,JPMBB13C17
JPMBB13C17,,883100162,15,20170217,23485599.27,23456510.54,20170206,,0.0485,20181006,0.000513,,,,,0.000005,0.047982,,,,,98085,29088.73,127173.73,,0,,,,,,0,,0,23456510.54,0,0,0,0,N,,,,,,,,,,,6823158,3592939,3230219,1410253,2.2905,0.87,20151231,6138418,3504935,2633483,1185085,2.2221,0.89,20141231,5342906,2569580,2773326,1144564,2.423,0.91,20160101,20160930,20130826,34350000,,,,,,,YN,,20131230,20131230,1,,,,CREFC,20150721,3030719,2.149,2433983,2.0538,2623701,2.2923,N,,,,,0,983417.34,20160613,0,0,0,,N,,24100000,S1,,,,,,,,,,,0,,,,0,,,,,WF,S,20170112,20170213,N,,,,,,,0,JPMBB13C17
JPMBB13C17,,883100180,16,20170217,20976813.85,20953531.15,20170206,,0.04836,20231206,0.000113,,,,,0.000005,0.048242,,,,,87354.45,23282.7,110637.15,,0,,,,,,0,,0,20953531.15,0,0,0,0,N,,,,,,,,,,,3881750,1781319,2100431,1029665,2.0399,0.93,20151231,3417828,1570323,1847505,1029665,1.7942,0.8,20141231,3057071,1203382,1853689,775775,2.3894,0.92,20160101,20160930,20130916,30000000,,,,,,,YN,,20131230,20131230,1,,,,CREFC,,1864655,1.8109,1611729,1.5652,1676858,2.1615,X,,,,,0,75038.01,,0,0,0,,N,,21000000,S2,,,,,,,,,,,0,,,,0,,,,,WF,S,20170112,20170213,N,,,,,,,0,JPMBB13C17
JPMBB13C17,,883100171,17,20170217,17170727.11,17119780.64,20170206,,0.05121,20231106,0.000113,,,,,0.000005,0.051092,,,,,75718.61,50946.47,126665.08,,0,,,,,,0,,0,17119780.64,0,0,0,0,N,,,,,,,,,,,3261680,933129,2328551,1519980,1.5319,0.98,20161231,3332506,948332,2384174,1519980,1.5685,0.98,20151231,,,,,,,,,20130614,28500000,,,,,,,YN,,20131230,20131230,1,,,,CREFC,,2082694,1.3702,2138317,1.4068,,,N,,,,,0,473309.81,,0,0,0,,N,,19000000,S1,,,,,,,,,,,0,,,,0,,,,,WF,S,20170112,20170213,N,,,,,,,0,JPMBB13C17
JPMBB13C17,,301410018,18,20170217,16000000,16000000,20170201,,0.0482,20231101,0.000113,,,,,0.000005,0.048082,,,,,66408.89,0,66408.89,,0,,,,,,0,,0,16000000,0,0,0,0,N,,,,,,,,,,,2714565,528468,2186097,781911,2.7958,1,20151231,2698871,538289,2160582,781912,2.7632,1,20141231,1962820,393471,1569349,586969,2.6736,1,20160101,20160930,20130926,29000000,,,,,,,YN,,20131230,20131230,1,,,,CREFC,20140528,2031971,2.5987,2006456,2.566,1453756,2.4767,N,,,,,0,,,0,0,0,,N,,16000000,H,,,,,,,,,,,0,,,,0,,,,,WF,S,20170112,20170213,N,,,,,,,0,JPMBB13C17
JPMBB13C17,,301410019,19,20170217,14964867.81,14948203.65,20170201,,0.048475,20231101,0.000113,,,,,0.000005,0.048357,,,,,62466.89,16664.16,79131.05,,0,,,,,,0,,0,14948203.65,0,0,0,0,N,,,,,,,,,,,3617394,1831488,1785906,774299,2.3064,0.95,20161231,3492397,1813750,1678647,737224,2.2769,0.95,20151231,,,,,,,,,20130822,22700000,,,,,,,,,20131230,20131230,1,,,,CREFC,,1680906,2.1708,1573647,2.1345,,,X,,,,,0,35002.44,,0,0,0,,N,,15000000,S2,,,,,,,,,,,0,,,,0,,,,,WF,S,20170112,20170213,N,,,,,,,0,JPMBB13C17
JPMBB13C17,,301410020,20,20170217,14016433.57,13998508.19,20170201,,0.0512,20240101,0.000113,,,,,0.000005,0.051082,,,,,61796.9,17925.38,79722.28,,0,,,,,,0,,0,13998508.19,0,0,0,0,N,,,,,,,,,,,2640059,948057,1692002,956667,1.7686,1,20161231,2538372,871188,1667184,956667,1.7427,1,20151231,,,,,,,,,20131111,19940000,,,,,,,YN,,20131230,20131230,1,,,,CREFC,,1673002,1.7487,1648184,1.7228,,,N,,,,,0.49,64454.79,,0,0,0,,N,,14650000,N,,,,,,,,,,,0,,,,0,,,,,WF,S,20170112,20170213,N,,,,,,,0,JPMBB13C17
JPMBB13C17,,883100182,22,20170217,13182640.1,13165569.42,20170206,,0.05087,20231206,0.000113,,,,,0.000005,0.050752,,,,,57746.19,17070.68,74816.87,,0,,,,,,0,,0,13165569.42,0,0,0,0,N,,,,,,,,,,,3137581,1654697,1482884,897802,1.6516,0.91,20151231,3106318,1601454,1504864,897802,1.6761,0.94,20141231,2509804,1243547,1266257,673351,1.8805,0.95,20160101,20160930,20131008,18500000,,,,,,,YN,,20131230,20131230,1,,,,CREFC,,1206386,1.3437,1228366,1.3681,1058885,1.5725,N,,,,,0,493255.43,,0,0,0,,N,,13800000,S2,,,,,,,,,,,0,,,,0,,,,,WF,S,20170112,20170213,N,,,,,,,0,JPMBB13C17
JPMBB13C17,,883100173,23,20170217,13014295.82,12998557.85,20170206,,0.05442,20231106,0.000113,,,,,0.000005,0.054302,,,,,60987.16,15737.97,76725.13,,0,,,,,,0,,0,12998557.85,0,0,0,0,N,,,,,,,,,,,3358895,1498283,1860612,920701,2.0208,0.94,20161231,3183284,1399798,1783486,920701,1.937,0.98,20151231,,,,,,,,,20131030,23200000,,,,,,,YN,,20131230,20131230,1,,,,CREFC,,1769137,1.9215,1692011,1.8377,,,N,,,,,0,518628.62,20170111,0,0,0,,N,,13600000,S1,,,,,,,,,,,0,,,,0,,,,,WF,S,20170112,20170213,N,,,,,,,0,JPMBB13C17
JPMBB13C17,,301410024,24,20170217,12402170.73,12386059.92,20170201,,0.051024,20231101,0.000113,,,,,0.000005,0.050906,,,,,54491.83,16110.81,70602.64,,0,,,,,,0,,0,12386059.92,0,0,0,0,N,,,,,,,,,,,3222935,1665309,1557626,847231,1.8384,0.78,20151231,3212803,1758063,1454740,847231,1.717,0.83,20141231,3404141,1692222,1711919,847232,2.0206,0.8,20151001,20160930,20130924,18100000,,,,,,,TN,,20131230,20131230,1,,,,CREFC,,1233827,1.4563,1130941,1.3348,1388120,1.6384,N,,,,,8.49,390285.46,,0,0,0,,N,,13000000,H,,,,,,,,,,,0,,,,0,,,,,WF,S,20170112,20170213,N,,,,,,,0,JPMBB13C17
JPMBB13C17,,301410026,26,20170217,11272163.12,11257567.9,20170201,,0.050875,20231201,0.000113,,,,,0.000005,0.050757,,,,,49382.25,14595.22,63977.47,,0,,,,,,0,,0,11257567.9,0,0,0,0,N,,,,,,,,,,,4514436,3078107,1436329,767730,1.8708,0.79,20151231,3978461,2560729,1417732,767729,1.8466,0.71,20141231,3737962,2170185,1567777,575797,2.7227,0.83,20160101,20160930,20131001,19000000,,,,,,,YN,,20131230,20131230,1,,,,CREFC,,1284435,1.673,1265838,1.6488,1453857,2.5249,X,,,,,0,521006.81,,0,0,0,,N,,11800000,S1,,,,,,,,,,,0,,,,0,,,,,WF,S,20170112,20170213,N,,,,,,,0,JPMBB13C17
JPMBB13C17,,883100157,25,20170217,11245423.56,11225143.05,20170206,,0.0556,20231006,0.000113,,,,,0.000005,0.055482,,,,,53840.59,20280.51,74121.1,,0,,,,,,0,,0,11225143.04,0,101393.98,0,0,N,,,,,,,,,,,11120001,9729149,1390852,889453,1.5637,0.55,20151231,11075163,9491486,1583677,889453,1.7805,0.54,20141228,10742404,9536379,1206025,889453,1.3559,0.53,20151001,20160925,20130816,21600000,,,,,,,TN,,20131230,20131230,1,,,,CREFC,,930156,1.0457,1122981,1.2625,745329,0.8379,N,,,,,0,64431.25,20150511,0,0,0,,N,,12000000,S2,,,,,,,,,,,0,,,,0,,,,,WF,S,20170112,20170213,N,,,,,,,0,JPMBB13C17
JPMBB13C17,,301410027,27,20170217,11037318.07,11021327.91,20170201,,0.04563,20181101,0.000113,,,,,0.000005,0.045512,,,,,43368.38,15990.16,59358.54,,0,,,,,,0,,0,11021327.91,0,0,0,0,N,,,,,,,,,,,3456625,1734502,1722123,712302,2.4176,0.89,20151231,2390304,1897928,492376,712302,0.6912,0.91,20141231,2372230,1249580,1122650,534226,2.1014,0.83,20160101,20160930,20130619,15700000,,,,,,,YN,,20131230,20131230,1,,,,CREFC,,1570017,2.2041,340270,0.4777,1008571,1.8879,N,,,,,10.09,226480.55,,0,0,0,,N,,11629000,S2,,,,,,,,,,,0,,,,0,,,,,WF,S,20170112,20170213,N,,,,,,,0,JPMBB13C17
JPMBB13C17,,301410028,28,20170217,10966865.78,10952106.29,20170201,,0.049,20231201,0.000113,,,,,0.000005,0.048882,,,,,46274.08,14759.49,61033.57,,0,,,,,,0,,0,10952106.29,0,0,0,0,N,,,,,,,,,,,1293892,225919,1067973,732402,1.4581,1,20161231,1257048,213967,1043081,732402,1.4241,1,20151231,,,,,,,,,20130924,17080000,,,,,,,,,20131230,20131230,1,,,,CREFC,,1009110,1.3778,984218,1.3438,,,N,,,,,38.01,206561.32,,0,0,0,,N,,11500000,S1,,,,,,,,,,,0,,,,0,,,,,WF,S,20170112,20170213,N,,,,,,,0,JPMBB13C17
JPMBB13C17,,301410029,29,20170217,10703076.73,10689340.57,20170205,,0.0513,20231205,0.000113,,,,,0.000005,0.051182,,,,,47280.84,13736.16,61017,,0,,,,,,0,,0,10689340.57,0,0,0,0,N,,,,,,,,,,,3758424,2483187,1275237,732204,1.7416,0.71,20151231,,,,,,,,2734696,1974356,760340,549153,1.3845,0.7,20160101,20160930,20131031,16500000,,,,,,,YN,,20131230,20131230,1,,,,CREFC,,1125028,1.5364,,,647684,1.1794,N,,,,,0,150898.74,20161011,0,0,0,,N,,11200000,S2,,,,,,,,,,,0,,,,0,,,,,WF,S,20170112,20170213,N,,,,,,,0,JPMBB13C17
JPMBB13C17,,301410030,30,20170217,9993510.22,9979839.37,20170205,,0.0485,20231105,0.000413,,,,,0.000005,0.048082,,,,,41736.79,13670.85,55407.64,,0,,,,,,0,,0,9979839.37,0,0,0,0,N,,,,,,,,,,,2071835,877790,1194045,664892,1.7958,0.9,20151231,2051009,977523,1073486,664892,1.6145,0.93,20141231,1554268,646650,907618,498669,1.82,0.94,20160101,20160930,20131009,14500000,,,,,,,YN,,20131230,20131230,1,,,,CREFC,20150720,1136045,1.7086,1015486,1.5272,864118,1.7328,X,,,,,36.53,10419.22,,0,0,0,,N,,10500000,S2,,,,,,,,,,,0,,,,0,,,,,WF,S,20170112,20170213,N,,,,,,,0,JPMBB13C17
JPMBB13C17,,301410010,10,20170217,9982294.82,9971565.14,20170201,,0.05,20231101,0.000588,,,,,0.000005,0.049407,,,,,42979.32,10729.68,53709,,0,,,,,,0,,0,9971565.14,0,0,0,0,N,,,,,,,,,,,3101479,1620281,1481198,507198,2.9203,0.96,20151231,2782658,1507592,1275066,507197,2.5139,0.94,20141231,2389539,1191941,1197598,382135,3.1339,0.95,20160101,20160930,20130918,17300000,,,,,,,YN,,20131230,20131230,1,,,,CREFC,,1329315,2.6208,1123183,2.2144,1083685,2.8358,X,,,,,50.84,122108.55,,0,0,0,,N,,10005000,S1,,,,,,,,,,,0,,,,0,,,,,WF,S,20170112,20170213,N,,,,,,,0,JPMBB13C17
JPMBB13C17,,301410033,33,20170217,9609411.89,9598902.39,20170201,,0.052,20231201,0.000113,,,,,0.000005,0.051882,,,,,43028.81,10509.5,53538.31,,0,,,,,,0,,0,9598902.39,0,0,0,0,N,,,,,,,,,,,1645215.12,628461.19,1016753.93,642459,1.5825,0.93,20161231,1553733,549707,1004026,514041,1.9532,0.93,20151231,,,,,,,,,20130822,13000000,,,,,,,YN,,20131230,20131230,1,,,,CREFC,,977493.93,1.5214,964766,1.8768,,,N,,,,,3.56,31750.91,,0,0,0,,N,,9750000,S2,,,,,,,,,,,0,,,,0,,,,,WF,S,20170112,20170213,N,,,,,,,0,JPMBB13C17
JPMBB13C17,,301410031,31,20170217,9493287.26,9473900.73,20170201,,0.04722,20200731,0.000113,,,,,0.000005,0.047102,,,,,38601.29,19386.53,57987.82,,0,,,,,,0,,0,9473900.73,0,0,0,0,N,,,,,,,,,,,2404072,926933,1477139,695853,2.1227,0.94,20161231,2350520,867472,1483048,695853,2.1312,0.97,20151231,,,,,,,,,20130908,14040000,,,,,,20181101,TN,,20131230,20131230,1,,,,CREFC,,1289899,1.8536,1295808,1.8621,,,N,,,,,81.58,185755.92,,0,0,0,,N,,10200000,H,,,,,,,,,,,0,,,,0,,,,,WF,S,20170112,20170213,N,,,,,,,0,JPMBB13C17
JPMBB13C17,,883100186,32,20170217,9472736.73,9460939.73,20170206,,0.05273,20231206,0.000113,,,,,0.000005,0.052612,,,,,43012.28,11797,54809.28,,0,,,,,,0,,0,9460939.74,0,0,0,0,N,,,,,,,,,,,1495034,639352,855682,657711,1.3009,0.79,20151231,1602897,605834,997063,657711,1.5159,0.93,20141231,1082406,498399,584007,493284,1.1839,0.79,20160101,20160930,20131025,13200000,,,,,,,YN,,20131230,20131230,1,,,,CREFC,,735524,1.1183,876905,1.3332,493889,1.0012,N,,,,,0,30687.85,20160711,0,0,0,,N,,9900000,S1,,,,,,,,,,,0,,,,0,,,,,WF,S,20170112,20170213,N,,,,,,,0,JPMBB13C17
JPMBB13C17,,301410011,11,20170217,9283883.39,9273904.42,20170201,,0.05,20231101,0.000588,,,,,0.000005,0.049407,,,,,39972.28,9978.97,49951.25,,0,,,,,,0,,0,9273904.42,0,0,0,0,N,,,,,,,,,,,2732988,1472307,1260681,471712,2.6725,0.96,20151231,2652848,1409019,1243829,471712,2.6368,0.94,20141231,2141365,1120523,1020842,355399,2.8723,0.96,20160101,20160930,20130918,17400000,,,,,,,YN,,20131230,20131230,1,,,,CREFC,,1139593,2.4158,1122741,2.3801,930026,2.6168,X,,,,,38.58,89749.17,,0,0,0,,N,,9305000,S1,,,,,,,,,,,0,,,,0,,,,,WF,S,20170112,20170213,N,,,,,,,0,JPMBB13C17
JPMBB13C17,,301410035,35,20170217,9030720.79,9019130.9,20170205,,0.0513,20231205,0.000688,,,,,0.000005,0.050607,,,,,39893.21,11589.89,51483.1,,0,,,,,,0,,0,9019130.9,0,0,0,0,N,,,,,,,,,,,983231,292315,690916,617797,1.1183,0.39,20151231,1126912,254233,872679,617797,1.4125,0.91,20141231,383854,180343,203511,463348,0.4392,0.39,20160101,20160930,20131022,12800000,,,,,,,YN,,20131230,20131230,1,,,,CREFC,,599924,0.971,781687,1.2652,135267,0.2919,N,,,,,0,543044.85,20160311,0,0,0,,N,,9450000,N,,,,,,,,,,,0,,,,0,,,,,WF,S,20170112,20170213,N,,,,,,,0,JPMBB13C17
JPMBB13C17,,883100170,34,20170217,8998677.69,8982157.41,20170206,,0.05408,20231106,0.000113,,,,,0.000005,0.053962,,,,,41905.84,16520.28,58426.12,,0,,,,,,0,,0,8982157.41,0,0,0,0,N,,,,,,,,,,,2349361,1167004,1182357,701113,1.6864,0.7,20151231,2190201,1053160,1137041,701113,1.6217,0.66,20141231,1680993,850839,830154,525835,1.5787,0.78,20160101,20160930,20130717,15000000,,,,,,,YN,,20131230,20131230,1,,,,CREFC,,987039,1.4078,941723,1.3431,683666,1.3001,N,,,,,0,155957.73,,0,0,0,,N,,9600000,S1,,,,,,,,,,,0,,,,0,,,,,WF,S,20170112,20170213,N,,,,,,,0,JPMBB13C17
JPMBB13C17,,301410012,12,20170217,8919711.72,8910124.18,20170201,,0.05,20231101,0.000588,,,,,0.000005,0.049407,,,,,38404.31,9587.54,47991.85,,0,,,,,,0,,0,8910124.18,0,0,0,0,N,,,,,,,,,,,2569474,1385898,1183576,453208,2.6115,0.94,20151231,2440247,1273716,1166531,453209,2.5739,0.97,20141231,2049398,1019029,1030369,341458,3.0175,0.96,20160101,20160930,20130918,15200000,,,,,,,YN,,20131230,20131230,1,,,,CREFC,,1084657,2.3932,1067612,2.3556,956179,2.8002,X,,,,,35.31,60479.94,,0,0,0,,N,,8940000,S1,,,,,,,,,,,0,,,,0,,,,,WF,S,20170112,20170213,N,,,,,,,0,JPMBB13C17
JPMBB13C17,,301410038,38,20170217,8863633.46,8853396.85,20170205,,0.0496,20231205,0.000313,,,,,0.000005,0.049282,,,,,37857.56,10236.61,48094.17,,0,,,,,,0,,0,8853396.85,0,0,0,0,N,,,,,,,,,,,925309,147469,777840,452600,1.7186,0.86,20151231,862923,197467,665456,452600,1.4702,1,20141231,680691,106069,574622,432848,1.3275,1,20160101,20160930,20131125,12200000,,,,,,,YN,,20131230,20131230,1,,,,CREFC,,767517,1.6957,655133,1.4474,566880,1.3096,N,,,,,2.83,30981.1,,0,0,0,,N,,9000000,S2,,,,,,,,,,,0,,,,0,,,,,WF,S,20170112,20170213,N,,,,,,,0,JPMBB13C17
JPMBB13C17,,301410039,39,20170217,8700000,8700000,20170201,,0.0506,20231001,0.000113,,,,,0.000005,0.050482,,,,,37907.83,0,37907.83,,0,,,,,,0,,0,8700000,0,0,0,0,N,,,,,,,,,,,1782888,823225,959663,446335,2.15,0.89,20151231,1726075,653259,1072816,446334,2.4036,0.9,20141231,826039,441761,384278,223778,1.7172,0.89,20160101,20160630,20130910,14600000,,,,,,,YN,,20131230,20131230,1,,,,CREFC,,930663,2.0851,1043816,2.3386,369778,1.6524,X,,,,,0,1124671.79,20161212,0,0,0,,N,,8700000,S2,,,,,,,,,,,0,,,,0,,,,,WF,S,20170112,20170213,N,,,,,,,0,JPMBB13C17
JPMBB13C17,,883100184,41,20170217,8204709.13,8195715.27,20170206,,0.0519,20231206,0.000113,,,,,0.000005,0.051782,,,,,36668.21,8993.86,45662.07,,0,,,,,,0,,0,8195715.27,0,0,0,0,N,,,,,,,,,,,1068096,222636,845460,438069,1.9299,0.83,20151231,1013455,249262,764193,438068,1.7444,0.88,20141231,786360,165929,620431,410959,1.5097,0.81,20160101,20160930,,11100000,,,,,,,YN,,20131230,20131230,3,,,,CREFC,,826060,1.8856,744793,1.7001,605883,1.4743,N,,,,,0,6778.61,,0,0,0,,N,,8325000,S2,,,,,,,,,,,0,,,,0,,,,,WF,S,20170112,20170213,N,,,,,,,0,JPMBB13C17
JPMBB13C17,,883100169,40,20170217,8173845.15,8162888.69,20170206,,0.0495,20231106,0.000613,,,,,0.000005,0.048882,,,,,34841.01,10956.46,45797.47,,0,,,,,,0,,0,8162888.69,0,0,0,0,N,,,,,,,,,,,1327414,582526,744888,549569,1.3554,0.96,20151231,1306256,548645,757611,549569,1.3785,0.9,20141231,948416,448596,499820,412177,1.2126,0.88,20160101,20160930,20130827,11630000,,,,,,,YN,,20131230,20131230,1,,,,CREFC,,718859,1.308,731582,1.3311,480299,1.1652,N,,,,,0,32918.43,,0,0,0,,N,,8580000,S2,,,,,,,,,,,0,,,,0,,,,,WF,S,20170112,20170213,N,,,,,,,0,JPMBB13C17
JPMBB13C17,,301410042,42,20170217,7839670.62,7829714.07,20170205,,0.0518,20231205,0.000488,,,,,0.000005,0.051307,,,,,34969.29,9956.55,44925.84,,0,,,,,,0,,0,7829714.07,0,0,0,0,N,,,,,,,,,,,1404849,409444,995405,539110,1.8463,1,20161231,1338974,388308,950666,539110,1.7633,0.92,20151231,,,,,,,,,20131022,11400000,,,,,,,YN,,20131230,20131230,1,,,,CREFC,,931029,1.7269,886290,1.6439,,,N,,,,,0,87140.74,,0,0,0,,N,,8200000,N,,,,,,,,,,,0,,,,0,,,,,WF,S,20170112,20170213,N,,,,,,,0,JPMBB13C17
JPMBB13C17,,883100167,43,20170217,7686699.28,7677338.15,20170206,,0.049,20181106,0.000513,,,,,0.000005,0.048482,,,,,32433.6,9361.13,41794.73,,0,,,,,,0,,0,7677338.16,0,0,0,0,N,,,,,,,,,,,2418544,1325402,1093142,454416,2.4055,0.96,20151231,2184254,1225249,959005,391234,2.4512,0.92,20141231,1908744,980235,928509,376153,2.4684,0.94,20160101,20160930,20130828,10550000,,,,,,,YN,,20131230,20131230,1,,,,CREFC,,1005262,2.2122,871125,2.2266,862599,2.2932,N,,,,,0,113149.03,,0,0,0,,N,,7875000,S1,,,,,,,,,,,0,,,,0,,,,,WF,S,20170112,20170213,N,,,,,,,0,JPMBB13C17
JPMBB13C17,,301410045,45,20170217,7162091.17,7152745.2,20170205,,0.0505,20231205,0.000713,,,,,0.000005,0.049782,,,,,31145.15,9345.97,40491.12,,0,,,,,,0,,0,7152745.2,0,0,0,0,N,,,,,,,,,,,1095094,362954,732140,485893,1.5067,1,20151231,1189971,392320,797651,485893,1.6416,0.86,20141231,590155,258786,331369,364419,0.9093,1,20160101,20160930,20131104,10500000,,,,,,,YN,,20131230,20131230,1,,,,CREFC,,661820,1.362,727331,1.4968,278629,0.7645,N,,,,,0.12,541256.24,20160811,0,0,0,,N,,7500000,S1,,,,,,,,,,,0,,,,0,,,,,WF,S,20170112,20170213,N,,,,,,,0,JPMBB13C17
JPMBB13C17,,883100187,44,20170217,6977595.61,6956971.65,20170206,,0.05086,20231206,0.000113,,,,,0.000005,0.050742,,,,,30559.16,20623.96,51183.12,,0,,,,,,0,,0,6956971.65,0,0,0,0,N,,,,,,,,,,,968954,177071,791883,614197,1.2892,1,20161231,951905,168371,783534,614197,1.2757,1,20151228,,,,,,,,,20131010,11850000,,,,,,,,,20131230,20131230,1,,,,CREFC,20150224,749889,1.2209,741540,1.2073,,,N,,,,,0,102490.86,,0,0,0,,N,,7700000,S2,,,,,,,,,,,0,,,,0,,,,,WF,S,20170112,20170213,N,,,,,,,0,JPMBB13C17
JPMBB13C17,,301410046,46,20170217,6851684.64,6842494.72,20170201,,0.04974,20231001,0.000113,,,,,0.000005,0.049622,,,,,29346.91,9189.92,38536.83,,0,,,,,,0,,0,6842494.72,0,0,0,0,N,,,,,,,,,,,2657417,1422453,1234964,462441,2.6705,0.6,20161231,2666900,1393083,1273817,462441,2.7545,0.61,20151231,,,,,,,,,20130701,12750000,,,,,,,YN,,20131230,20131230,1,,,,CREFC,,1146659,2.4795,1185512,2.5635,,,X,,,,,49.33,256837.25,,0,0,0,,N,,7200000,N,,,,,,,,,,,0,,,,0,,,,,WF,S,20170112,20170213,N,,,,,,,0,JPMBB13C17
JPMBB13C17,,301410047,47,20170217,6784379.43,6775654.27,20170201,,0.0512,20231201,0.000113,,,,,0.000005,0.051082,,,,,29911.58,8725.16,38636.74,,0,,,,,,0,,0,6775654.27,0,0,0,0,N,,,,,,,,,,,1332953,509319,823634,463641,1.7764,0.88,20161231,1306821,555490,751331,463641,1.6205,0.86,20151231,,,,,,,,,20130620,12100000,,,,,,,YN,,20131230,20131230,1,,,,CREFC,,805742,1.7378,733439,1.5819,,,N,,,,,0,142858,20161212,0,0,0,,N,,7100000,S2,,,,,,,,,,,0,,,,0,,,,,WF,S,20170112,20170213,N,,,,,,,0,JPMBB13C17
JPMBB13C17,,301410048,48,20170217,6684960.21,6676668.49,20170201,,0.0535,20231001,0.000113,,,,,0.000005,0.053382,,,,,30797.24,8291.72,39088.96,,0,,,,,,0,,0,6676668.49,0,0,0,0,N,,,,,,,,,,,1387491,354431,1033060,469067,2.2023,1,20151231,1244737,303363,941374,469067,2.0069,1,20141231,1183628,261681,921947,351800,2.6206,1,20160101,20160930,20130409,10900000,,,,,,,YN,,20131230,20131230,1,,,,CREFC,,1002060,2.1362,910374,1.9408,898697,2.5545,N,,,,,4.52,103409.49,,0,0,0,,N,,7000000,S2,,,,,,,,,,,0,,,,0,,,,,WF,S,20170112,20170213,N,,,,,,,0,JPMBB13C17
JPMBB13C17,,301410049,49,20170217,6545493.11,6535910.96,20170201,,0.0451,20181101,0.000113,,,,,0.000005,0.044982,,,,,25420.15,9582.15,35002.3,,0,,,,,,0,,0,6535910.96,0,0,0,0,N,,,,,,,,,,,1132661,654562,478099,420028,1.1382,0.92,20151231,1206943,659549,547394,420028,1.3032,0.81,20141231,1267984,646273,621711,420028,1.4801,0.97,20151001,20160930,20130723,9600000,,,,,,,TN,,20131230,20131230,1,,,,CREFC,,441178,1.0503,510473,1.2153,584790,1.3922,X,,,,,12.46,10507.87,20170213,0,0,0,,N,,6900000,SF,,,,,,,,,,,0,,,,0,,,,,WF,S,20170112,20170213,N,,,,,,,0,JPMBB13C17
JPMBB13C17,,301410050,50,20170217,5351111.67,5344413.85,20170201,,0.0528,20231101,0.000113,,,,,0.000005,0.052682,,,,,24329.72,6697.82,31027.54,,0,,,,,,0,,0,5344413.85,0,0,0,0,N,,,,,,,,,,,925243,282036,643207,372330,1.7275,0.98,20151231,893789,296437,597352,372330,1.6043,0.97,20141230,719586,240272,479314,279248,1.7164,1,20160101,20160930,20130827,7200000,,,,,,,YN,,20131230,20131230,1,,,,CREFC,,618407,1.6609,572552,1.5377,460714,1.6498,N,,,,,0.05,8266.68,,0,0,0,,N,,5600000,S2,,,,,,,,,,,0,,,,0,,,,,WF,S,20170112,20170213,N,,,,,,,0,JPMBB13C17
JPMBB13C17,,883100155,36,20170217,5100369.12,5091192.62,20170206,,0.0562,20230906,0.000113,,,,,0.000005,0.056082,,,,,24682.95,9176.5,33859.45,,0,,,,,,0,,0,5091192.62,0,0,0,0,N,,,,,,,,,,,1936150,1084000,852150,406313,2.0972,0.98,20161231,1877232,1084674,792558,406313,1.9506,0.98,20151231,,,,,,,,,20130814,8300000,,,,,,,YN,,20131230,20131230,1,,,,CREFC,,757750,1.8649,698158,1.7182,,,N,,,,,0,34050.6,,0,0,0,,N,,5450000,S1,,,,,,,,,,,0,,,,0,,,,,WF,S,20170112,20170213,N,,,,,,,0,JPMBB13C17
JPMBB13C17,,301410051,51,20170217,4919337.38,4913127.92,20170201,,0.0524,20231101,0.000113,,,,,0.000005,0.052282,,,,,22197.14,6209.46,28406.6,,0,,,,,,0,,0,4913127.92,0,0,0,0,N,,,,,,,,,,,680565,229359,451206,340879,1.3236,1,20150930,659352,238307,421045,340879,1.2351,1,20140930,175171,74004,101167,85219,1.1871,1,20160101,20160331,20130829,8300000,,,,,,,YN,,20131230,20131230,1,,,,CREFC,,437864,1.2845,407703,1.196,97832,1.148,N,,,,,0,1599,,0,0,0,,N,,5150000,S2,,,,,,,,,,,0,,,,0,,,,,WF,S,20170112,20170213,N,,,,,,,0,JPMBB13C17
JPMBB13C17,,883100166,52,20170217,4904846.17,4898872.88,20170206,,0.049,20181106,0.000513,,,,,0.000005,0.048482,,,,,20695.73,5973.29,26669.02,,0,,,,,,0,,0,4898872.88,0,0,0,0,N,,,,,,,,,,,1506915,893378,613537,289960,2.1159,0.93,20151231,1409740,818183,591557,249645,2.3695,0.94,20141231,1204776,615644,589132,240021,2.4545,0.9,20160101,20160930,20130828,6870000,,,,,,,YN,,20131230,20131230,1,,,,CREFC,,573537,1.9779,551557,2.2093,559132,2.3295,N,,,,,0,24122.65,,0,0,0,,N,,5025000,S2,,,,,,,,,,,0,,,,0,,,,,WF,S,20170112,20170213,N,,,,,,,0,JPMBB13C17
JPMBB13C17,,301410053,53,20170217,4592721.1,4586997.85,20170205,,0.0527,20231205,0.000788,,,,,0.000005,0.051907,,,,,20842.02,5723.25,26565.27,,0,,,,,,0,,0,4586997.85,0,0,0,0,N,,,,,,,,,,,,,,,,,,679568,230344,449224,318783,1.4091,1,20141231,550412,220900,329512,239087,1.3782,1,20160101,20160930,20131007,6910000,,,,,,,YN,,20131230,20131230,1,,,,CREFC,,,,440824,1.3828,323212,1.3518,N,,,,,0,21928.62,,0,0,0,,N,,4800000,N,,,,,,,,,,,0,,,,0,,,,,WF,S,20170112,20170213,N,,,,,,,0,JPMBB13C17
JPMBB13C17,,883100183,54,20170217,4111775.66,4106575.51,20170206,,0.052,20231206,0.000113,,,,,0.000005,0.051882,,,,,18411.62,5200.15,23611.77,,0,,,,,,0,,0,4106575.51,0,0,0,0,N,,,,,,,,,,,1192735,367296,825439,283341,2.9132,0.85,20161231,1053063,334313,718750,283341,2.5366,0.88,20151231,,,,,,,,,20131009,7700000,,,,,,,,,20131230,20131230,1,,,,CREFC,,819168,2.8911,712479,2.5145,,,N,,,,,0,19871.01,,0,0,0,,N,,4300000,S1,,,,,,,,,,,0,,,,0,,,,,WF,S,20170112,20170213,N,,,,,,,0,JPMBB13C17
JPMBB13C17,,301410055,55,20170217,3997361.07,3992524.73,20170201,,0.0526,20231101,0.000113,,,,,0.000005,0.052482,,,,,18105.82,4836.34,22942.16,,0,,,,,,0,,0,3992524.73,0,0,0,0,N,,,,,,,,,,,861942,342038,519904,275306,1.8884,0.9,20151231,781859,318999,462860,252156,1.8356,0.94,20141231,735997,262622,473375,206479,2.2926,0.94,20160101,20160930,20130809,5700000,,,,,,,YN,,20131230,20131230,1,,,,CREFC,20160502,509027,1.8489,451983,1.7924,465218,2.2531,N,,,,,0,35714.25,,0,0,0,,N,,4150000,N,,,,,,,,,,,0,,,,0,,,,,WF,S,20170112,20170213,N,,,,,,,0,JPMBB13C17
JPMBB13C17,,883100168,56,20170217,3967800.98,3962968.86,20170206,,0.049,20181106,0.000513,,,,,0.000005,0.048482,,,,,16741.92,4832.12,21574.04,,0,,,,,,0,,0,3962968.86,0,0,0,0,N,,,,,,,,,,,1323025,762527,560498,234565,2.3895,0.93,20151231,1213009,712944,500065,201951,2.4761,0.99,20141231,1069740,560037,509703,194166,2.625,0.94,20160101,20160930,20130828,5440000,,,,,,,YN,,20131230,20131230,1,,,,CREFC,,524498,2.236,464065,2.2979,482703,2.486,N,,,,,0,51747.28,,0,0,0,,N,,4065000,S1,,,,,,,,,,,0,,,,0,,,,,WF,S,20170112,20170213,N,,,,,,,0,JPMBB13C17
JPMBB13C17,,301410057,57,20170217,3544226.84,3539930.85,20170201,,0.054,20231201,0.000113,,,,,0.000005,0.053882,,,,,16480.65,4295.99,20776.64,,0,,,,,,0,,0,3539930.85,0,0,0,0,N,,,,,,,,,,,688036,231812,456224,249319,1.8298,0.87,20151231,679170,236121,443049,249320,1.777,0.88,20141231,515190,184221,330969,186990,1.7699,0.87,20160101,20160930,20131015,6150000,,,,,,,YN,,20131230,20131230,1,,,,CREFC,,410699,1.6472,397524,1.5944,296825,1.5873,N,,,,,2.45,78395.84,,0,0,0,,N,,3700000,S2,,,,,,,,,,,0,,,,0,,,,,WF,S,20170112,20170213,N,,,,,,,0,JPMBB13C17
JPMBB13C17,,883100154,37,20170217,3462635.95,3456406.03,20170206,,0.0562,20230906,0.000113,,,,,0.000005,0.056082,,,,,16757.23,6229.92,22987.15,,0,,,,,,0,,0,3456406.03,0,0,0,0,N,,,,,,,,,,,1368145,876769,491376,275846,1.7813,0.98,20161231,1380826,903144,477682,275846,1.7316,0.98,20151231,,,,,,,,,20130814,5800000,,,,,,,YN,,20131230,20131230,1,,,,CREFC,,419376,1.5203,405682,1.4706,,,N,,,,,0,93882.42,,0,0,0,,N,,3700000,S1,,,,,,,,,,,0,,,,0,,,,,WF,S,20170112,20170213,N,,,,,,,0,JPMBB13C17
JPMBB13C17,,883100149,58,20170217,3226748.9,3220889.82,20170206,,0.055625,20230906,0.000113,,,,,0.000005,0.055507,,,,,15455.9,5859.08,21314.98,,0,,,,,,0,,0,3220889.81,0,0,0,0,N,,,,,,,,,,,1024268,598386,425882,255780,1.665,0.99,20151231,989885,585556,404329,255780,1.5807,0.97,20141231,761042,431349,329693,191835,1.7186,0.97,20160101,20160930,20130725,5300000,,,,,,,YN,,20131230,20131230,1,,,,CREFC,,368282,1.4398,346729,1.3555,286493,1.4934,N,,,,,0,59720.57,20150911,0,0,0,,N,,3450000,S1,,,,,,,,,,,0,,,,0,,,,,WF,S,20170112,20170213,N,,,,,,,0,JPMBB13C17
JPMBB13C17,,301410060,60,20170217,3162154.53,3158354.47,20170201,,0.0544,20231201,0.000113,,,,,0.000005,0.054282,,,,,14812.94,3800.06,18613,,0,,,,,,0,,0,3158354.47,0,0,0,0,N,,,,,,,,,,,667011,264807,402204,223356,1.8007,0.89,20151231,681018,248713,432305,223356,1.9354,0.94,20141231,454485,200460,254025,167517,1.5164,0.93,20160101,20160930,20131004,4500000,,,,,,,YN,,20131230,20131230,1,,,,CREFC,,367804,1.6467,397905,1.7814,228225,1.3623,N,,,,,0,44269.09,20170213,0,0,0,,N,,3300000,S2,,,,,,,,,,,0,,,,0,,,,,WF,S,20170112,20170213,N,,,,,,,0,JPMBB13C17
JPMBB13C17,,883100163,59,20170217,3142834.34,3137265.81,20170206,,0.0567,20231006,0.000113,,,,,0.000005,0.056582,,,,,15344.89,5568.53,20913.42,,0,,,,,,0,,0,3137265.82,0,0,0,0,N,,,,,,,,,,,2359355,1481591,877764,250961,3.4976,0.78,20151231,2118289,1444870,673419,250961,2.6833,0.73,20141231,507243,339917,167326,62740,2.6669,0.78,20160101,20160331,20130726,6500000,,,,,,,YN,,20131230,20131230,1,,,,CREFC,,807463,3.2174,603118,2.4032,149751,2.3868,N,,,,,0,179860.04,,0,0,0,,N,,3350000,S2,,,,,,,,,,,0,,,,0,,,,,WF,S,20170112,20170213,N,,,,,,,0,JPMBB13C17
JPMBB13C17,,883100165,61,20170217,2815220.78,2811408.51,20170206,,0.049,20181106,0.000113,,,,,0.000005,0.048882,,,,,11878.67,3812.27,15690.94,,0,,,,,,0,,0,2811408.51,0,0,0,0,N,,,,,,,,,,,614569,206635,407934,188291,2.1665,0.89,20151231,577882,187519,390363,188291,2.0731,0.89,20141231,629127,251522,377605,188291,2.0054,0.94,20151001,20160930,20130730,4050000,,,,,,,TN,,20131230,20131230,1,,,,CREFC,20150507,399601,2.1222,382030,2.0289,369272,1.9611,N,,,,,0,0.9,,0,0,0,,N,,2956500,S2,,,,,,,,,,,0,,,,0,,,,,WF,S,20170112,20170213,N,,,,,,,0,JPMBB13C17
JPMBB13C17,,301410062,62,20170217,2658707.8,2654905.38,20170201,,0.0474,20230701,0.000113,,,,,0.000005,0.047282,,,,,10851.96,3802.42,14654.38,,0,,,,,,0,,0,2654905.38,0,0,0,0,N,,,,,,,,,,,904939,542599,362340,175852,2.0604,0.97,20151231,857679,560787,296892,175853,1.6882,0.96,20141231,696805,414617,282188,131889,2.1395,0.98,20160101,20160930,20130425,3780000,,,,,,,YN,,20131230,20131230,1,,,,CREFC,,335340,1.9069,269892,1.5347,261938,1.986,N,,,,,56.55,14544.73,20151013,0,0,0,,N,,2812500,S2,,,,,,,,,,,0,,,,0,,,,,WF,S,20170112,20170213,N,,,,,,,0,JPMBB13C17
JPMBB13C17,,301410063,63,20170217,2581536.08,2578421.62,20170201,,0.0548,20231001,0.000113,,,,,0.000005,0.054682,,,,,12181.98,3114.46,15296.44,,0,,,,,,0,,0,2578421.62,0,0,0,0,N,,,,,,,,,,,443726,129881,313845,183557,1.7097,1,20151231,371019,131951,239068,183557,1.3024,0.97,20141231,370330,92258,278072,137668,2.0198,1,20160101,20160930,20130617,3600000,,,,,,,YN,,20131230,20131230,1,,,,CREFC,,282647,1.5398,207870,1.1324,254674,1.8499,N,,,,,0,103994.8,,0,0,0,,N,,2700000,S1,,,,,,,,,,,0,,,,0,,,,,WF,S,20170112,20170213,N,,,,,,,0,JPMBB13C17
JPMBB13C17,,301410064,64,20170217,2012624.85,2010216.62,20170201,,0.0546,20231201,0.000113,,,,,0.000005,0.054482,,,,,9462.69,2408.23,11870.92,,0,,,,,,0,,0,2010216.62,0,0,0,0,N,,,,,,,,,,,367148,99376,267772,142451,1.8797,1,20151231,374888,92741,282147,142452,1.9806,1,20141231,275361,74251,201110,106838,1.8823,1,20160101,20160930,20130626,2800000,,,,,,,YN,,20131230,20131230,1,,,,CREFC,,226604,1.5907,240979,1.6916,170234,1.5933,N,,,,,12.68,133565.46,,0,0,0,,N,,2100000,S2,,,,,,,,,,,0,,,,0,,,,,WF,S,20170112,20170213,N,,,,,,,0,JPMBB13C17
JPMBB13C17,,301410021,21,20161216,0,0,,,,,,,,,,,,,,,,,,,,,,20161205,,,9,,,,,,,,,N,,,,,,,,,,,,,,,,,,,,,,,,,,,,,,,,,,,,,,,,,,,,,,,,,,,,,,,,,,,,,,,,,0,,0,,,,,,,,,,,,,,,,,,,,,,,,,,,20170112,20170213,,,,,,,,,
