JPMBB13C17,,301171001,3,20150317,90000000,90000000,20150301,,0.0483334,20231101,0.000113,,,,,0.000005,0.0482154,,,,,338333.8,0,338333.8,,,,,,,,,,,90000000,0,0,0,0,N,,,,,,,,,,,21761731,7957924.8,13803806.2,6615634.49,2.09,0.97,20141231,20880780,5596330,15284450,11026057,1.39,0.99,20131231,,,,,,,,,20130910,365000000,,,,,,,YN,,20131230,20131230,1,,,,CMSA,,13741806.2,2.08,15222450,1.38,,,X,,,,,,,,,,,,N,,225000000,H,,,,,,,,,,,,,,,,,,,,WF,S
JPMBB13C17,,301410001,1,20150317,117936246.6,117738226.4,20150301,,0.04366,20240101,0.000113,,,,,0.000005,0.043542,,,,,400485.29,198020.18,598505.47,,,,,,,,,,,117738226.4,0,0,0,0,N,,,,,,,,,,,33327307,10380496,22946811,13167121,1.74,0.98,20131231,,,,,,,,27457755,9578700,17879055,9578514,1.87,0.96,20131231,20140929,20131115,366000000,,,,,,,YN,,20131230,20131230,1,,,,CMSA,,22047109,1.67,,,17204279,1.8,X,,,,,,,,,,,,N,,220000000,S2,,,,,,,,,,,,,,,,,,,,WF,S
JPMBB13C17,,301410002,2,20150317,93900000,93900000,20150301,,0.049127,20231101,0.000213,,,,,0.000005,0.048909,,,,,358790.86,0,358790.86,,,,,,,,,,,93900000,0,0,0,0,N,,,,,,,,,,,,,,,,,,,,,,,,,8682847,1849328,6833519,3511025,1.95,1,20140101,20140930,,125500000,,,,,,,YN,,20131230,20131230,7,,,,CMSA,,,,,,6108716,1.74,X,,,,,727.15,862321.29,,,,,,N,,93900000,H,,,,,,,,,,,,,,,,,,,,WF,S
JPMBB13C17,,301410004,4,20150317,73125000,73125000,20150301,,0.0487,20231201,0.000113,,,,,0.000005,0.048582,,,,,276981.25,0,276981.25,,,,,,,,,,,73125000,0,0,0,0,N,,,,,,,,,,,,,,,,,,,,,,,,,11015710,4123458,6892252,2710459,2.54,0.79,20140101,20140930,20131015,123000000,,,,,,,YN,,20131230,20131230,1,,,,CMSA,,,,,,5729809,2.11,N,,,,,,1934520.17,,,,,,N,,73125000,H,,,,,,,,,,,,,,,,,,,,WF,S
JPMBB13C17,,301410007,7,20150317,31000000,31000000,20150301,,0.0492,20231101,0.000413,,,,,0.000005,0.048782,,,,,118626.67,0,118626.67,,,,,,,,,,,31000000,0,0,0,0,N,,,,,,,,,,,,,,,,,,,,,,,,,2262895,583341,1679554,1160847,1.45,1,20140101,20140930,20130918,51000000,,,,,,,YN,,20131230,20131230,1,,,,CMSA,,,,,,1576575,1.36,X,,,,,,58200.92,,,,,,N,,31000000,S1,,,,,,,,,,,,,,,,,,,,WF,S
JPMBB13C17,,301410008,8,20150317,30000000,30000000,20150301,,0.049875,20231201,0.000313,,,,,0.000005,0.049557,,,,,116375,0,116375,,,,,,,,,,,30000000,0,0,0,0,N,,,,,,,,,,,4868845,2067137,2801708,1517031,1.85,0.89,20141231,,,,,,,,,,,,,,,,20131009,39000000,,,,,,,YN,,20131230,20131230,1,,,,CMSA,,2525705,1.66,,,,,X,,,,,198.24,5024795.79,,,,,,N,,30000000,S2,,,,,,,,,,,,,,,,,,,,WF,S
JPMBB13C17,,301410009,9,20150317,29458596.54,29411495.95,20150301,,0.048675,20231101,0.000113,,,,,0.000005,0.048557,,,,,111525.34,47100.59,158625.93,,,,,,,,,,,29411495.95,0,0,0,0,N,,,,,,,,,,,4995104,2540764,2454340,1903511,1.29,0.83,20141231,,,,,,,,,,,,,,,,20130918,43000000,,,,,,,,,20131230,20131230,1,,,,CMSA,,2164366,1.14,,,,,X,,,,,165.06,563301.3,,,,,,N,,30000000,S1,,,,,,,,,,,,,,,,,,,,WF,S
JPMBB13C17,,301410010,10,20150317,10005000,10005000,20150301,,0.05,20231101,0.000588,,,,,0.000005,0.049407,,,,,38908.33,0,38908.33,,,,,,,,,,,10005000,0,0,0,0,N,,,,,,,,,,,2782658,1507592,1275066,507197,2.51,0.94,20141231,,,,,,,,,,,,,,,,20130918,17300000,,,,,,,,,20131230,20131230,1,,,,CMSA,,1123183,2.21,,,,,X,,,,,50.84,144728.98,,,,,,N,,10005000,S1,,,,,,,,,,,,,,,,,,,,WF,S
JPMBB13C17,,301410011,11,20150317,9305000,9305000,20150301,,0.05,20231101,0.000588,,,,,0.000005,0.049407,,,,,36186.11,0,36186.11,,,,,,,,,,,9305000,0,0,0,0,N,,,,,,,,,,,2652848,1409019,1243829,471712,2.64,0.94,20141231,,,,,,,,,,,,,,,,20130918,17400000,,,,,,,YN,,20131230,20131230,1,,,,CMSA,,1122741,2.38,,,,,X,,,,,38.58,106017.35,,,,,,N,,9305000,S1,,,,,,,,,,,,,,,,,,,,WF,S
JPMBB13C17,,301410012,12,20150317,8940000,8940000,20150301,,0.05,20231101,0.000588,,,,,0.000005,0.049407,,,,,34766.67,0,34766.67,,,,,,,,,,,8940000,0,0,0,0,N,,,,,,,,,,,2440247,1273716,1166531,453209,2.57,0.97,20141231,,,,,,,,,,,,,,,,20130918,15200000,,,,,,,,,20131230,20131230,1,,,,CMSA,,1067612,2.36,,,,,X,,,,,35.31,96726.99,,,,,,N,,8940000,S1,,,,,,,,,,,,,,,,,,,,WF,S
JPMBB13C17,,301410013,13,20150317,25375000,25375000,20150301,,0.0474,20231201,0.000113,,,,,0.000005,0.047282,,,,,93549.17,0,93549.17,,,,,,,,,,,25375000,0,0,0,0,N,,,,,,,,,,,,,,,,,,,,,,,,,4112782,1512554,2600228,912104,2.85,0.94,20140101,20140930,20131010,39600000,,,,,,,YN,,20131230,20131230,1,,,,CMSA,,,,,,2185986,2.4,N,,,,,,1809850.56,,,,,,N,,25375000,S2,,,,,,,,,,,,,,,,,,,,WF,S
JPMBB13C17,,301410018,18,20150317,16000000,16000000,20150301,,0.0482,20231101,0.000113,,,,,0.000005,0.048082,,,,,59982.22,0,59982.22,,,,,,,,,,,16000000,0,0,0,0,N,,,,,,,,,,,,,,,,,,,,,,,,,2022838,402912,1619926,586969,2.76,1,20140101,20140930,20130926,29000000,,,,,,,YN,,20131230,20131230,1,,,,CMSA,20140528,,,,,1504333,2.56,N,,,,,,,,,,,,N,,16000000,H,,,,,,,,,,,,,,,,,,,,WF,S
JPMBB13C17,,301410019,19,20150317,15000000,15000000,20150301,,0.048475,20231101,0.000113,,,,,0.000005,0.048357,,,,,56554.17,0,56554.17,,,,,,,,,,,15000000,0,0,0,0,N,,,,,,,,,,,3319421,1757755,1561666,737224,2.12,0.95,20141231,,,,,,,,,,,,,,,,20130822,22700000,,,,,,,,,20131230,20131230,1,,,,CMSA,,1456666,1.98,,,,,X,,,,,,49615.73,,,,,,N,,15000000,S2,,,,,,,,,,,,,,,,,,,,WF,S
JPMBB13C17,,301410020,20,20150317,14432965.06,14410718.05,20150301,,0.0512,20240101,0.000113,,,,,0.000005,0.051082,,,,,57475.27,22247.01,79722.28,,,,,,,,,,,14410718.05,0,0,0,0,N,,,,,,,,,,,,,,,,,,,,,,,,,1843630,638577,1205053,717500,1.68,1,20140101,20140930,20131111,19940000,,,,,,,YN,,20131230,20131230,1,,,,CMSA,,,,,,1190803,1.66,N,,,,,,27846.38,,,,,,N,,14650000,N,,,,,,,,,,,,,,,,,,,,WF,S
JPMBB13C17,,301410021,21,20150317,14059502.34,14037402.71,20150305,,0.0502,20231105,0.000513,,,,,0.000005,0.049682,,,,,54894.55,22099.63,76994.18,,,,,,,,,,,14037402.71,0,0,0,0,N,,,,,,,,,,,,,,,,,,,,,,,,,1908297,893558,1014739,692948,1.46,0.96,20140101,20140930,20131010,19100000,,,,,,,YN,,20131230,20131230,1,,,,CMSA,,,,,,961489,1.39,X,,,,,245.7,72787.75,,,,,,N,,14310000,S2,,,,,,,,,,,,,,,,,,,,WF,S
JPMBB13C17,,301410024,24,20150317,12776179.68,12756279.73,20150301,,0.051024,20231101,0.000113,,,,,0.000005,0.050906,,,,,50702.69,19899.95,70602.64,,,,,,,,,,,12756279.73,0,0,0,0,N,,,,,,,,,,,3212803,1758063,1454740,847231,1.72,0.83,20141231,,,,,,,,,,,,,,,,20130924,18100000,,,,,,,,,20131230,20131230,1,,,,CMSA,,1130941,1.33,,,,,N,,,,,8.49,975215.41,,,,,,N,,13000000,H,,,,,,,,,,,,,,,,,,,,WF,S
JPMBB13C17,,301410026,26,20150317,11611044.15,11593010.94,20150301,,0.050875,20231201,0.000113,,,,,0.000005,0.050757,,,,,45944.26,18033.21,63977.47,,,,,,,,,,,11593010.94,0,0,0,0,N,,,,,,,,,,,,,,,,,,,,,,,,,3090478,1959553,1130925,575797,1.96,0.74,20140101,20140930,20131001,19000000,,,,,,,YN,,20131230,20131230,1,,,,CMSA,,,,,,1017005,1.77,X,,,,,,196185.53,,,,,,N,,11800000,S1,,,,,,,,,,,,,,,,,,,,WF,S
JPMBB13C17,,301410027,27,20150317,11406168.91,11387290.86,20150301,,0.04563,20181101,0.000113,,,,,0.000005,0.045512,,,,,40480.49,18878.05,59358.54,,,,,,,,,,,11387290.86,0,0,0,0,N,,,,,,,,,,,2390304,1897928,492376,712302,0.69,0.91,20141231,,,,,,,,,,,,,,,,20130619,15700000,,,,,,,YN,,20131230,20131230,1,,,,CMSA,,340270,0.48,,,,,N,,,,,10.09,266092.5,20140911,,,,,N,,11629000,S2,,,,,,,,,,,,,,,,,,,,WF,S
JPMBB13C17,,301410028,28,20150317,11308716.04,11290781.24,20150301,,0.049,20231201,0.000113,,,,,0.000005,0.048882,,,,,43098.77,17934.8,61033.57,,,,,,,,,,,11290781.24,0,0,0,0,N,,,,,,,,,,,1260191,196054,1064137,732402,1.45,1,20141231,,,,,,,,,,,,,,,,20130924,17080000,,,,,,,YN,,20131230,20131230,1,,,,CMSA,,1005274,1.37,,,,,N,,,,,38.01,93646.63,,,,,,N,,11500000,S1,,,,,,,,,,,,,,,,,,,,WF,S
JPMBB13C17,,301410029,29,20150317,11022202.42,11005164.01,20150305,,0.0513,20231205,0.000113,,,,,0.000005,0.051182,,,,,43978.59,17038.41,61017,,,,,,,,,,,11005164.01,0,0,0,0,N,,,,,,,,,,,,,,,,,,,,,,,,,2982614,1848952,1133662,549153,2.06,0.76,20140101,20140930,20131031,16500000,,,,,,,YN,,20131230,20131230,1,,,,CMSA,,,,,,1021006,1.86,N,,,,,,713548,,,,,,N,,11200000,S2,,,,,,,,,,,,,,,,,,,,WF,S
JPMBB13C17,,301410030,30,20150317,10309848.72,10293332.12,20150305,,0.0485,20231105,0.000413,,,,,0.000005,0.048082,,,,,38891.04,16516.6,55407.64,,,,,,,,,,,10293332.12,0,0,0,0,N,,,,,,,,,,,,,,,,,,,,,,,,,1004818,489825,514993,332446,1.55,0.95,20140101,20140630,20131009,14500000,,,,,,,YN,,20131230,20131230,1,,,,CMSA,,,,,,485993,1.46,X,,,,,0.43,38255.35,,,,,,N,,10500000,S2,,,,,,,,,,,,,,,,,,,,WF,S
JPMBB13C17,,301410031,31,20150317,9934145.91,9912642.9,20150301,,0.04722,20200731,0.000113,,,,,0.000005,0.047102,,,,,36484.81,21503.01,57987.82,,,,,,,,,,,9912642.9,0,0,0,0,N,,,,,,,,,,,2119633,915169,1204464,695854,1.73,0.97,20141231,,,,,,,,,,,,,,,,20130908,14040000,,,,,,20181101,,,20131230,20131230,1,,,,CMSA,,1017224,1.46,,,,,N,,,,,66.25,263288.96,,,,,,N,,10200000,H,,,,,,,,,,,,,,,,,,,,WF,S
JPMBB13C17,,301410033,33,20150317,9750000,9750000,20150301,,0.052,20231201,0.000113,,,,,0.000005,0.051882,,,,,39433.33,0,39433.33,,,,,,,,,,,9750000,0,0,0,0,N,,,,,,,,,,,1491914,565530,926384,514041,1.8,0.94,20141231,,,,,,,,,,,,,,,,20130822,13000000,,,,,,,YN,,20131230,20131230,1,,,,CMSA,,887124,1.73,,,,,N,,,,,,49103.07,20141211,,,,,N,,9750000,S2,,,,,,,,,,,,,,,,,,,,WF,S
JPMBB13C17,,301410035,35,20150317,9299983.22,9285607.05,20150305,,0.0513,20231205,0.000688,,,,,0.000005,0.050607,,,,,37106.93,14376.17,51483.1,,,,,,,,,,,9285607.05,0,0,0,0,N,,,,,,,,,,,,,,,,,,,,,,,,,,,,,,,,,20131022,12800000,,,,,,,,,20131230,20131230,1,,,,CMSA,,,,,,,,N,,,,,,421241.57,,,,,,N,,9450000,N,,,,,,,,,,,,,,,,,,,,WF,S
JPMBB13C17,,301410038,38,20150317,9000000,9000000,20150305,,0.0496,20231205,0.000313,,,,,0.000005,0.049282,,,,,34720,0,34720,,,,,,,,,,,9000000,0,0,0,0,N,,,,,,,,,,,,,,,,,,,,,,,,,624548,144219,480329,339760,1.41,1,20140101,20140930,20131125,12200000,,,,,,,YN,,20131230,20131230,1,,,,CMSA,,,,,,472587,1.39,N,,,,,2.08,12907.42,,,,,,N,,9000000,S2,,,,,,,,,,,,,,,,,,,,WF,S
JPMBB13C17,,301410039,39,20150317,8700000,8700000,20150301,,0.0506,20231001,0.000113,,,,,0.000005,0.050482,,,,,34239.33,0,34239.33,,,,,,,,,,,8700000,0,0,0,0,N,,,,,,,,,,,,,,,,,,,,,,,,,1288814,594396,694418,335056,2.07,0.95,20140101,20140930,20130910,14600000,,,,,,,YN,,20131230,20131230,1,,,,CMSA,,,,,,672668,2.01,X,,,,,,194825.42,,,,,,N,,8700000,S2,,,,,,,,,,,,,,,,,,,,WF,S
JPMBB13C17,,301410042,42,20150317,8071153.76,8058745.7,20150305,,0.0518,20231205,0.000488,,,,,0.000005,0.051307,,,,,32517.78,12408.06,44925.84,,,,,,,,,,,8058745.7,0,0,0,0,N,,,,,,,,,,,,,,,,,,,,,,,,,930838,329356,601482,404333,1.49,0.92,20140101,20140930,20131022,11400000,,,,,,,YN,,20131230,20131230,1,,,,CMSA,,,,,,553200,1.37,N,,,,,,190945.92,,,,,,N,,8200000,N,,,,,,,,,,,,,,,,,,,,WF,S
JPMBB13C17,,301410045,45,20150317,7378979.94,7367471.81,20150305,,0.0505,20231205,0.000713,,,,,0.000005,0.049782,,,,,28982.99,11508.13,40491.12,,,,,,,,,,,7367471.81,0,0,0,0,N,,,,,,,,,,,1189971,392320,797651,485893,1.64,0.86,20141231,,,,,,,,,,,,,,,,20131104,10500000,,,,,,,YN,,20131230,20131230,1,,,,CMSA,,727331,1.5,,,,,N,,,,,0.12,202164.11,,,,,,N,,7500000,S2,,,,,,,,,,,,,,,,,,,,WF,S
JPMBB13C17,,301410046,46,20150317,7064596.6,7053390.34,20150301,,0.04974,20231001,0.000113,,,,,0.000005,0.049622,,,,,27330.57,11206.26,38536.83,,,,,,,,,,,7053390.34,0,0,0,0,N,,,,,,,,,,,,,,,,,,,,,,,,,1695435,948306,747129,346832,2.15,0.6,20140101,20140930,20130701,12750000,,,,,,,YN,,20131230,20131230,1,,,,CMSA,,,,,,680901,1.96,X,,,,,3.41,109233.75,,,,,,N,,7200000,S2,,,,,,,,,,,,,,,,,,,,WF,S
JPMBB13C17,,301410047,47,20150317,6987058.23,6976245.51,20150301,,0.0512,20231201,0.000113,,,,,0.000005,0.051082,,,,,27824.02,10812.72,38636.74,,,,,,,,,,,6976245.51,0,0,0,0,N,,,,,,,,,,,1315971,563231,752740,463641,1.62,0.89,20141231,,,,,,,,,,,,,,,,20130620,12100000,,,,,,,YN,,20131230,20131230,1,,,,CMSA,,734848,1.58,,,,,N,,,,,,108565,,,,,,N,,7100000,S2,,,,,,,,,,,,,,,,,,,,WF,S
JPMBB13C17,,301410048,48,20150317,6878088.62,6867620.15,20150301,,0.0535,20231001,0.000113,,,,,0.000005,0.053382,,,,,28620.49,10468.47,39088.96,,,,,,,,,,,6867620.15,0,0,0,0,N,,,,,,,,,,,,,,,,,,,,,,,,,924670,238108,686562,351801,1.95,,20140101,20140930,20130409,10900000,,,,,,,YN,,20131230,20131230,1,,,,CMSA,,,,,,663312,1.89,N,,,,,4.52,43946.47,,,,,,N,,7000000,S2,,,,,,,,,,,,,,,,,,,,WF,S
JPMBB13C17,,301410049,49,20150317,6766413.77,6755146.55,20150301,,0.0451,20181101,0.000113,,,,,0.000005,0.044982,,,,,23735.08,11267.22,35002.3,,,,,,,,,,,6755146.55,0,0,0,0,N,,,,,,,,,,,1206943,659549,547394,420028,1.3,0.81,20141231,,,,,,,,,,,,,,,,20130723,9600000,,,,,,,,,20131230,20131230,1,,,,CMSA,,510473,1.22,,,,,X,,,,,12.46,7286.24,,,,,,N,,6900000,SH,,,,,,,,,,,,,,,,,,,,WF,S
JPMBB13C17,,301410050,50,20150317,5507002.47,5498590.35,20150301,,0.0528,20231101,0.000113,,,,,0.000005,0.052682,,,,,22615.42,8412.12,31027.54,,,,,,,,,,,5498590.35,0,0,0,0,N,,,,,,,,,,,893789,296437,597352,372330,1.6,0.97,20141230,,,,,,,,,,,,,,,,20130827,7200000,,,,,,,,,20131230,20131230,1,,,,CMSA,,572552,1.54,,,,,N,,,,,0.05,19582.64,,,,,,N,,5600000,S2,,,,,,,,,,,,,,,,,,,,WF,S
JPMBB13C17,,301410051,51,20150317,5063774.19,5056005.28,20150301,,0.0524,20231101,0.000113,,,,,0.000005,0.052282,,,,,20637.69,7768.91,28406.6,,,,,,,,,,,5056005.28,0,0,0,0,N,,,,,,,,,,,,,,,,,,,,,,,,,,,,,,,,,20130829,8300000,,,,,,,,,20131230,20131230,1,,,,CMSA,,,,,,,,N,,,,,,656,,,,,,N,,5150000,S2,,,,,,,,,,,,,,,,,,,,WF,S
JPMBB13C17,,301410053,53,20150317,4725962.95,4718768.88,20150305,,0.0527,20231205,0.000788,,,,,0.000005,0.051907,,,,,19371.2,7194.07,26565.27,,,,,,,,,,,4718768.88,0,0,0,0,N,,,,,,,,,,,679568,230344,449224,318783,1.41,1,20141231,,,,,,,,,,,,,,,,20131007,6910000,,,,,,,YN,,20131230,20131230,1,,,,CMSA,,440824,1.38,,,,,N,,,,,,9805.22,,,,,,N,,4800000,N,,,,,,,,,,,,,,,,,,,,WF,S
JPMBB13C17,,301410055,55,20150317,4110164.18,4104037.16,20150301,,0.0526,20231101,0.000113,,,,,0.000005,0.052482,,,,,16815.14,6127.02,22942.16,,,,,,,,,,,4104037.16,0,0,0,0,N,,,,,,,,,,,781859,318999,462860,252156,1.84,0.94,20141231,,,,,,,,,,,,,,,,20130809,5700000,,,,,,,,,20131230,20131230,1,,,,CMSA,,451983,1.79,,,,,N,,,,,,14652,,,,,,N,,4150000,N,,,,,,,,,,,,,,,,,,,,WF,S
JPMBB13C17,,301410057,57,20150317,3644449.16,3638979.21,20150301,,0.054,20231201,0.000113,,,,,0.000005,0.053882,,,,,15306.69,5469.95,20776.64,,,,,,,,,,,3638979.21,0,0,0,0,N,,,,,,,,,,,679170,236121,443049,249320,1.78,0.88,20141231,,,,,,,,,,,,,,,,20131015,6150000,,,,,,,,,20131230,20131230,1,,,,CMSA,,397524,1.59,,,,,N,,,,,,63341.55,,,,,,N,,3700000,S2,,,,,,,,,,,,,,,,,,,,WF,S
JPMBB13C17,,301410060,60,20150317,3250866.78,3246008.56,20150301,,0.0544,20231201,0.000113,,,,,0.000005,0.054282,,,,,13754.78,4858.22,18613,,,,,,,,,,,3246008.56,0,0,0,0,N,,,,,,,,,,,,,,,,,,,,,,,,,510903,184610,326293,167517,1.95,0.95,20140101,20140930,20131004,4500000,,,,,,,YN,,20131230,20131230,1,,,,CMSA,,,,,,300493,1.79,N,,,,,,66182.97,,,,,,N,,3300000,S2,,,,,,,,,,,,,,,,,,,,WF,S
JPMBB13C17,,301410062,62,20150317,2746484.38,2741955.37,20150301,,0.0474,20230701,0.000113,,,,,0.000005,0.047282,,,,,10125.37,4529.01,14654.38,,,,,,,,,,,2741955.37,0,0,0,0,N,,,,,,,,,,,857679,560787,296892,175853,1.69,0.96,20141231,,,,,,,,,,,,,,,,20130425,3780000,,,,,,,,,20131230,20131230,1,,,,CMSA,,269892,1.53,,,,,N,,,,,13.78,38056.58,,,,,,N,,2812500,S2,,,,,,,,,,,,,,,,,,,,WF,S
JPMBB13C17,,301410063,63,20150317,2654231.19,2650247.67,20150301,,0.0548,20231001,0.000113,,,,,0.000005,0.054682,,,,,11312.92,3983.52,15296.44,,,,,,,,,,,2650247.67,0,0,0,0,N,,,,,,,,,,,,,,,,,,,,,,,,,278265,92880,185385,137668,1.35,0.9,20140101,20140930,20130617,3600000,,,,,,,YN,,20131230,20131230,1,,,,CMSA,,,,,,161987,1.18,N,,,,,,44197.79,,,,,,N,,2700000,S2,,,,,,,,,,,,,,,,,,,,WF,S
JPMBB13C17,,301410064,64,20150317,2068864.01,2065778.87,20150301,,0.0546,20231201,0.000113,,,,,0.000005,0.054482,,,,,8785.78,3085.14,11870.92,,,,,,,,,,,2065778.87,0,0,0,0,N,,,,,,,,,,,,,,,,,,,,,,,,,280401,75585,204816,106838,1.92,1,20140101,20140930,20130626,2800000,,,,,,,YN,,20131230,20131230,1,,,,CMSA,,,,,,173940,1.63,N,,,,,12.68,128240.05,,,,,,N,,2100000,S2,,,,,,,,,,,,,,,,,,,,WF,S
JPMBB13C17,,883100149,58,20150317,3360407.3,3353630.75,20150306,,0.055625,20230906,0.000113,,,,,0.000005,0.055507,,,,,14538.43,6776.55,21314.98,,,,,,,,,,,3353630.74,0,0,0,0,N,,,,,,,,,,,989885,585556,404329,255780,1.58,0.97,20141231,,,,,,,,,,,,,,,,20130725,5300000,,,,,,,YN,,20131230,20131230,1,,,,CMSA,,346729,1.36,,,,,N,,,,,,44987.09,,,,,,N,,3450000,S1,,,,,,,,,,,,,,,,,,,,WF,S
JPMBB13C17,,883100154,37,20150317,3604803.25,3597573.1,20150306,,0.0562,20230906,0.000113,,,,,0.000005,0.056082,,,,,15757,7230.15,22987.15,,,,,,,,,,,3597573.1,0,0,0,0,N,,,,,,,,,,,1326127,905712,420415,275846,1.52,0.98,20141231,,,,,,,,,,,,,,,,20130814,5800000,,,,,,,,,20131230,20131230,1,,,,CMSA,,348415,1.26,,,,,N,,,,,,98949.64,,,,,,N,,3700000,S1,,,,,,,,,,,,,,,,,,,,WF,S
JPMBB13C17,,883100155,36,20150317,5309777.73,5299127.91,20150306,,0.0562,20230906,0.000113,,,,,0.000005,0.056082,,,,,23209.63,10649.82,33859.45,,,,,,,,,,,5299127.91,0,0,0,0,N,,,,,,,,,,,1762740,1173758,588982,406313,1.45,0.98,20141231,,,,,,,,,,,,,,,,20130814,8300000,,,,,,,YN,,20131230,20131230,1,,,,CMSA,,494582,1.22,,,,,N,,,,,,85612.38,,,,,,N,,5450000,S1,,,,,,,,,,,,,,,,,,,,WF,S
JPMBB13C17,,883100157,25,20150317,11708214.83,11684725.25,20150306,,0.0556,20231006,0.000113,,,,,0.000005,0.055482,,,,,50631.52,23489.58,74121.1,,,,,,,,,,,11684725.24,0,0,0,0,N,,,,,,,,,,,,,,,,,,,,,,,,,11194431,9405568,1788863,889453,2.01,0.49,20130401,20140330,20130816,21600000,,,,,,,TN,,20131230,20131230,1,,,,CMSA,,,,,,1328167,1.49,N,,,,,,108420.23,,,,,,N,,12000000,S2,,,,,,,,,,,,,,,,,,,,WF,S
JPMBB13C17,,883100162,15,20150317,24100000,24100000,20150306,,0.0485,20181006,0.000513,,,,,0.000005,0.047982,,,,,90910.56,0,90910.56,,,,,,,,,,,24100000,0,0,0,0,N,,,,,,,,,,,,,,,,,,,,,,,,,4509457,2662869,1846588,889625,2.08,0.88,20140101,20140930,20130826,34350000,,,,,,,YN,,20131230,20131230,1,,,,CMSA,,,,,,1696963,1.91,N,,,,,,866009.49,,,,,,N,,24100000,S1,,,,,,,,,,,,,,,,,,,,WF,S
JPMBB13C17,,883100163,59,20150317,3269993.29,3263500.54,20150306,,0.0567,20231006,0.000113,,,,,0.000005,0.056582,,,,,14420.67,6492.75,20913.42,,,,,,,,,,,3263500.55,0,0,0,0,N,,,,,,,,,,,,,,,,,,,,,,,,,1531092,1053989,477103,188221,2.53,0.72,20140101,20140930,20130726,6500000,,,,,,,YN,,20131230,20131230,1,,,,CMSA,,,,,,424378,2.25,N,,,,,,99659.89,,,,,,N,,3350000,S1,,,,,,,,,,,,,,,,,,,,WF,S
JPMBB13C17,,883100164,6,20150317,46000000,46000000,20150306,,0.04955,20231106,0.000113,,,,,0.000005,0.049432,,,,,177278.89,0,177278.89,,,,,,,,,,,46000000,0,0,0,0,N,,,,,,,,,,,7143176,2124030,5019146,2310957,2.17,0.98,20141231,,,,,,,,,,,,,,,,20130924,64600000,,,,,,,YN,,20131230,20131230,1,,,,CMSA,,4686178,2.03,,,,,N,,,,,,1651836.32,,,,,,N,,46000000,S2,,,,,,,,,,,,,,,,,,,,WF,S
JPMBB13C17,,883100165,61,20150317,2903488.67,2898863.25,20150306,,0.049,20181106,0.000113,,,,,0.000005,0.048882,,,,,11065.52,4625.42,15690.94,,,,,,,,,,,2898863.25,0,0,0,0,N,,,,,,,,,,,577882,187519,390363,188291,2.07,0.89,20141231,,,,,,,,,,,,,,,,20130730,4050000,,,,,,,,,20131230,20131230,1,,,,CMSA,,382030,2.03,,,,,N,,,,,,17500.9,,,,,,N,,2956500,S1,,,,,,,,,,,,,,,,,,,,WF,S
JPMBB13C17,,883100166,52,20150317,5025000,5025000,20150306,,0.049,20181106,0.000513,,,,,0.000005,0.048482,,,,,19150.83,0,19150.83,,,,,,,,,,,5025000,0,0,0,0,N,,,,,,,,,,,,,,,,,,,,,,,,,1038991,600608,438383,187405,2.34,0.95,20140101,20140930,20130828,6870000,,,,,,,YN,,20131230,20131230,1,,,,CMSA,,,,,,408383,2.18,N,,,,,,53365.73,,,,,,N,,5025000,S2,,,,,,,,,,,,,,,,,,,,WF,S
JPMBB13C17,,883100167,43,20150317,7875000,7875000,20150306,,0.049,20181106,0.000513,,,,,0.000005,0.048482,,,,,30012.5,0,30012.5,,,,,,,,,,,7875000,0,0,0,0,N,,,,,,,,,,,,,,,,,,,,,,,,,1630858,929134,701724,293694,2.39,0.94,20140101,20140930,20130828,10550000,,,,,,,YN,,20131230,20131230,1,,,,CMSA,,,,,,635814,2.16,N,,,,,,117247.99,,,,,,N,,7875000,S1,,,,,,,,,,,,,,,,,,,,WF,S
JPMBB13C17,,883100168,56,20150317,4065000,4065000,20150306,,0.049,20181106,0.000513,,,,,0.000005,0.048482,,,,,15492.17,0,15492.17,,,,,,,,,,,4065000,0,0,0,0,N,,,,,,,,,,,,,,,,,,,,,,,,,904813,528647,376166,151602,2.48,0.95,20140101,20140930,20130828,5440000,,,,,,,YN,,20131230,20131230,1,,,,CMSA,,,,,,349166,2.3,N,,,,,,48036.15,,,,,,N,,4065000,S1,,,,,,,,,,,,,,,,,,,,WF,S
JPMBB13C17,,883100169,40,20150317,8427684.67,8414333.79,20150306,,0.0495,20231106,0.000613,,,,,0.000005,0.048882,,,,,32446.59,13350.88,45797.47,,,,,,,,,,,8414333.79,0,0,0,0,N,,,,,,,,,,,,,,,,,,,,,,,,,985653,399390,586263,412177,1.42,0.91,20140101,20140930,20130827,11630000,,,,,,,YN,,20131230,20131230,1,,,,CMSA,,,,,,566742,1.37,N,,,,,,34354.45,,,,,,N,,8580000,S2,,,,,,,,,,,,,,,,,,,,WF,S
JPMBB13C17,,883100170,34,20150317,9375441.86,9356450.93,20150306,,0.05408,20231106,0.000113,,,,,0.000005,0.053962,,,,,39435.19,18990.93,58426.12,,,,,,,,,,,9356450.93,0,9376.64,0,0,N,,,,,,,,,,,2190201,1053160,1137041,701113,1.62,0.66,20141231,,,,,,,,,,,,,,,,20130717,15000000,,,,,,,,,20131230,20131230,1,,,,CMSA,,941723,1.34,,,,,N,,,,,,101920.42,,,,,,N,,9600000,S1,,,,,,,,,,,,,,,,,,,,WF,S
JPMBB13C17,,883100171,17,20150317,18314385.74,18260666.86,20150306,,0.05121,20231106,0.000113,,,,,0.000005,0.051092,,,,,72946.2,53718.88,126665.08,,,,,,,,,,,18260666.86,0,0,0,0,N,,,,,,,,,,,3214831,1068984,2145847,1519980,1.41,0.98,20141231,,,,,,,,,,,,,,,,20130614,28500000,,,,,,,,,20131230,20131230,1,,,,CMSA,,1899990,1.25,,,,,N,,,,,,255105.56,,,,,,N,,19000000,S1,,,,,,,,,,,,,,,,,,,,WF,S
JPMBB13C17,,883100172,5,20150317,47477836.77,47406781.36,20150306,,0.049655,20231206,0.000113,,,,,0.000005,0.049537,,,,,183362.04,71055.41,254417.45,,,,,,,,,,,47406781.36,0,0,0,0,N,,,,,,,,,,,12773272,6298761,6474511,2395398,2.7,0.85,20141231,,,,,,,,,,,,,,,,20131023,73200000,,,,,,,,,20131230,20131230,1,,,,CMSA,,6016407,2.51,,,,,N,,,,,,1517774.3,,,,,,N,,47580000,S1,,,,,,,,,,,,,,,,,,,,WF,S
JPMBB13C17,,883100173,23,20150317,13381546.13,13361460.62,20150306,,0.05442,20231106,0.000113,,,,,0.000005,0.054302,,,,,56639.62,20085.51,76725.13,,,,,,,,,,,13361460.62,0,0,0,0,N,,,,,,,,,,,2894631,1467952,1426679,920702,1.55,0.96,20141231,,,,,,,,,,,,,,,,20131030,23200000,,,,,,,YN,,20131230,20131230,1,,,,CMSA,,1335204,1.45,,,,,N,,,,,,398618.2,,,,,,N,,13600000,S1,,,,,,,,,,,,,,,,,,,,WF,S
JPMBB13C17,,883100180,16,20150317,21000000,21000000,20150306,,0.04836,20231206,0.000113,,,,,0.000005,0.048242,,,,,78988,0,78988,,,,,,,,,,,21000000,0,0,0,0,N,,,,,,,,,,,,,,,,,,,,,,,,,2594201,1158110,1436091,772954,1.86,0.8,20140101,20140930,20130916,30000000,,,,,,,YN,,20131230,20131230,1,,,,CMSA,,,,,,1259260,1.63,X,,,,,,325434.61,,,,,,N,,21000000,S2,,,,,,,,,,,,,,,,,,,,WF,S
JPMBB13C17,,883100181,14,20150317,24600000,24600000,20150306,,0.04825,20231206,0.000613,,,,,0.000005,0.047632,,,,,92318.33,0,92318.33,,,,,,,,,,,24600000,0,0,0,0,N,,,,,,,,,,,,,,,,,,,,,,,,,3212355,1097056,2115299,1164957,1.82,0.92,20140101,20140930,20131021,40500000,,,,,,,YN,,20131230,20131230,1,,,,CMSA,,,,,,2015183,1.73,X,,,,,,333817.29,,,,,,N,,24600000,S2,,,,,,,,,,,,,,,,,,,,WF,S
JPMBB13C17,,883100182,22,20150317,13578995.23,13557904.41,20150306,,0.05087,20231206,0.000113,,,,,0.000005,0.050752,,,,,53726.05,21090.82,74816.87,,,,,,,,,,,13557904.41,0,0,0,0,N,,,,,,,,,,,,,,,,,,,,,,,,,2274540,1210315,1064225,673352,1.58,0.94,20140101,20140930,20131008,18500000,,,,,,,YN,,20131230,20131230,1,,,,CMSA,,,,,,856853,1.27,N,,,,,,363681.53,,,,,,N,,13800000,S2,,,,,,,,,,,,,,,,,,,,WF,S
JPMBB13C17,,883100183,54,20150317,4232711.34,4226218.54,20150306,,0.052,20231206,0.000113,,,,,0.000005,0.051882,,,,,17118.97,6492.8,23611.77,,,,,,,,,,,4226218.54,0,0,0,0,N,,,,,,,,,,,1013479,321427,692052,283341,2.44,0.85,20141231,,,,,,,,,,,,,,,,20131009,7700000,,,,,,,,,20131230,20131230,1,,,,CMSA,,685781,2.42,,,,,N,,,,,,7842.9,,,,,,N,,4300000,S1,,,,,,,,,,,,,,,,,,,,WF,S
JPMBB13C17,,883100184,41,20150317,8325000,8325000,20150306,,0.0519,20231206,0.000113,,,,,0.000005,0.051782,,,,,33605.25,0,33605.25,,,,,,,,,,,8325000,0,0,0,0,N,,,,,,,,,,,1013455,249262,764193,438068,1.74,0.88,20141231,,,,,,,,,,,,,,,,,11100000,,,,,,,,,20131230,20131230,3,,,,CMSA,,744793,1.7,,,,,N,,,,,,24278.07,,,,,,N,,8325000,S1,,,,,,,,,,,,,,,,,,,,WF,S
JPMBB13C17,,883100186,32,20150317,9747393.33,9732560.28,20150306,,0.05273,20231206,0.000113,,,,,0.000005,0.052612,,,,,39976.23,14833.05,54809.28,,,,,,,,,,,9732560.29,0,0,0,0,N,,,,,,,,,,,1602897,605834,997063,657711,1.52,0.93,20141231,,,,,,,,,,,,,,,,20131025,13200000,,,,,,,YN,,20131230,20131230,1,,,,CMSA,,876905,1.33,,,,,N,,,,,,556534.45,,,,,,N,,9900000,S1,,,,,,,,,,,,,,,,,,,,WF,S
JPMBB13C17,,883100187,44,20150317,7440689.8,7418940.4,20150306,,0.05086,20231206,0.000113,,,,,0.000005,0.050742,,,,,29433.72,21749.4,51183.12,,,,,,,,,,,7418940.4,0,0,0,0,N,,,,,,,,,,,,,,,,,,,,,,,,,758498,183413,575085,460648,1.25,1,20140101,20140930,20131010,11850000,,,,,,,YN,,20131230,20131230,1,,,,CMSA,20150224,,,,,543591,1.18,N,,,,,,41779.49,,,,,,N,,7700000,S2,,,,,,,,,,,,,,,,,,,,WF,S
